>>> including systematics
>>> method used to compute upper limit is MaxLikelihoodFit
>>> random number generator seed is 123456
[#1] INFO:ObjectHandling -- RooWorkspace::import(w) importing dataset data_obs
[#1] INFO:ObjectHandling -- RooWorkspace::import(w) importing RooProdPdf::nuisancePdf
[#1] INFO:ObjectHandling -- RooWorkspace::import(w) importing ProcessNormalization::n_exp_binbin1_proc_wtau
[#1] INFO:ObjectHandling -- RooWorkspace::import(w) importing ProcessNormalization::n_exp_binbin1_proc_others
[#1] INFO:ObjectHandling -- RooWorkspace::import(w) importing ProcessNormalization::n_exp_binbin1_proc_qqH
[#1] INFO:ObjectHandling -- RooWorkspace::import(w) importing ProcessNormalization::n_exp_binbin1_proc_wmu
[#1] INFO:ObjectHandling -- RooWorkspace::import(w) importing ProcessNormalization::n_exp_binbin1_proc_wel
[#1] INFO:ObjectHandling -- RooWorkspace::import(w) importing ProcessNormalization::n_exp_binbin1_proc_qcd
[#1] INFO:ObjectHandling -- RooWorkspace::import(w) importing ProcessNormalization::n_exp_binbin1_proc_zvv

=== Using the following for ModelConfig ===
Observables:             RooArgSet:: = (n_obs_binbin1)
Parameters of Interest:  RooArgSet:: = (r)
Nuisance Parameters:     RooArgSet:: = (lumi_8TeV,CMS_eff_e,CMS_eff_m,CMS_scale_j,CMS_res_j,CMS_scale_met,pdf_qqbar,QCD_qqH,CMS_VBFHinv_zvv_stat,CMS_VBFHinv_zvv_norm,CMS_VBFHinv_wmu_norm,CMS_VBFHinv_wel_norm,CMS_VBFHinv_wtau_norm,CMS_VBFHinv_qcd_norm,CMS_VBFHinv_other_norm)
Global Observables:      RooArgSet:: = (lumi_8TeV_In,CMS_eff_e_In,CMS_eff_m_In,CMS_scale_j_In,CMS_res_j_In,CMS_scale_met_In,pdf_qqbar_In,QCD_qqH_In,CMS_VBFHinv_zvv_stat_In,CMS_VBFHinv_zvv_norm_In,CMS_VBFHinv_wmu_norm_In,CMS_VBFHinv_wel_norm_In,CMS_VBFHinv_wtau_norm_In,CMS_VBFHinv_qcd_norm_In,CMS_VBFHinv_other_norm_In)
PDF:                     RooProdPdf::model_s[ modelObs_s * nuisancePdf ] = 0.000146283


=== Using the following for ModelConfig_bonly ===
Observables:             RooArgSet:: = (n_obs_binbin1)
Parameters of Interest:  RooArgSet:: = (r)
Nuisance Parameters:     RooArgSet:: = (lumi_8TeV,CMS_eff_e,CMS_eff_m,CMS_scale_j,CMS_res_j,CMS_scale_met,pdf_qqbar,QCD_qqH,CMS_VBFHinv_zvv_stat,CMS_VBFHinv_zvv_norm,CMS_VBFHinv_wmu_norm,CMS_VBFHinv_wel_norm,CMS_VBFHinv_wtau_norm,CMS_VBFHinv_qcd_norm,CMS_VBFHinv_other_norm)
Global Observables:      RooArgSet:: = (lumi_8TeV_In,CMS_eff_e_In,CMS_eff_m_In,CMS_scale_j_In,CMS_res_j_In,CMS_scale_met_In,pdf_qqbar_In,QCD_qqH_In,CMS_VBFHinv_zvv_stat_In,CMS_VBFHinv_zvv_norm_In,CMS_VBFHinv_wmu_norm_In,CMS_VBFHinv_wel_norm_In,CMS_VBFHinv_wtau_norm_In,CMS_VBFHinv_qcd_norm_In,CMS_VBFHinv_other_norm_In)
PDF:                     RooProdPdf::model_b[ modelObs_b * nuisancePdf ] = 0.00017968


RooWorkspace(w) w contents

variables
---------
(CMS_VBFHinv_other_norm,CMS_VBFHinv_other_norm_In,CMS_VBFHinv_qcd_norm,CMS_VBFHinv_qcd_norm_In,CMS_VBFHinv_wel_norm,CMS_VBFHinv_wel_norm_In,CMS_VBFHinv_wmu_norm,CMS_VBFHinv_wmu_norm_In,CMS_VBFHinv_wtau_norm,CMS_VBFHinv_wtau_norm_In,CMS_VBFHinv_zvv_norm,CMS_VBFHinv_zvv_norm_In,CMS_VBFHinv_zvv_stat,CMS_VBFHinv_zvv_stat_In,CMS_eff_e,CMS_eff_e_In,CMS_eff_m,CMS_eff_m_In,CMS_res_j,CMS_res_j_In,CMS_scale_j,CMS_scale_j_In,CMS_scale_met,CMS_scale_met_In,MH,QCD_qqH,QCD_qqH_In,lumi_8TeV,lumi_8TeV_In,n_obs_binbin1,pdf_qqbar,pdf_qqbar_In,r)

p.d.f.s
-------
RooGaussian::CMS_VBFHinv_other_norm_Pdf[ x=CMS_VBFHinv_other_norm mean=CMS_VBFHinv_other_norm_In sigma=1 ] = 1
RooGaussian::CMS_VBFHinv_qcd_norm_Pdf[ x=CMS_VBFHinv_qcd_norm mean=CMS_VBFHinv_qcd_norm_In sigma=1 ] = 1
RooGaussian::CMS_VBFHinv_wel_norm_Pdf[ x=CMS_VBFHinv_wel_norm mean=CMS_VBFHinv_wel_norm_In sigma=1 ] = 1
RooGaussian::CMS_VBFHinv_wmu_norm_Pdf[ x=CMS_VBFHinv_wmu_norm mean=CMS_VBFHinv_wmu_norm_In sigma=1 ] = 1
RooGaussian::CMS_VBFHinv_wtau_norm_Pdf[ x=CMS_VBFHinv_wtau_norm mean=CMS_VBFHinv_wtau_norm_In sigma=1 ] = 1
RooGaussian::CMS_VBFHinv_zvv_norm_Pdf[ x=CMS_VBFHinv_zvv_norm mean=CMS_VBFHinv_zvv_norm_In sigma=1 ] = 1
RooPoisson::CMS_VBFHinv_zvv_stat_Pdf[ x=CMS_VBFHinv_zvv_stat_In mean=CMS_VBFHinv_zvv_stat ] = 0.10994
RooGaussian::CMS_eff_e_Pdf[ x=CMS_eff_e mean=CMS_eff_e_In sigma=1 ] = 1
RooGaussian::CMS_eff_m_Pdf[ x=CMS_eff_m mean=CMS_eff_m_In sigma=1 ] = 1
RooGaussian::CMS_res_j_Pdf[ x=CMS_res_j mean=CMS_res_j_In sigma=1 ] = 1
RooGaussian::CMS_scale_j_Pdf[ x=CMS_scale_j mean=CMS_scale_j_In sigma=1 ] = 1
RooGaussian::CMS_scale_met_Pdf[ x=CMS_scale_met mean=CMS_scale_met_In sigma=1 ] = 1
RooGaussian::QCD_qqH_Pdf[ x=QCD_qqH mean=QCD_qqH_In sigma=1 ] = 1
RooGaussian::lumi_8TeV_Pdf[ x=lumi_8TeV mean=lumi_8TeV_In sigma=1 ] = 1
RooProdPdf::modelObs_b[ pdf_binbin1_bonly ] = 0.00163435
RooProdPdf::modelObs_s[ pdf_binbin1 ] = 0.00133057
RooProdPdf::model_b[ modelObs_b * nuisancePdf ] = 0.00017968
RooProdPdf::model_s[ modelObs_s * nuisancePdf ] = 0.000146283
RooProdPdf::nuisancePdf[ lumi_8TeV_Pdf * CMS_eff_e_Pdf * CMS_eff_m_Pdf * CMS_scale_j_Pdf * CMS_res_j_Pdf * CMS_scale_met_Pdf * pdf_qqbar_Pdf * QCD_qqH_Pdf * CMS_VBFHinv_zvv_stat_Pdf * CMS_VBFHinv_zvv_norm_Pdf * CMS_VBFHinv_wmu_norm_Pdf * CMS_VBFHinv_wel_norm_Pdf * CMS_VBFHinv_wtau_norm_Pdf * CMS_VBFHinv_qcd_norm_Pdf * CMS_VBFHinv_other_norm_Pdf ] = 0.10994
RooPoisson::pdf_binbin1[ x=n_obs_binbin1 mean=n_exp_binbin1 ] = 0.00133057
RooPoisson::pdf_binbin1_bonly[ x=n_obs_binbin1 mean=n_exp_binbin1_bonly ] = 0.00163435
RooGaussian::pdf_qqbar_Pdf[ x=pdf_qqbar mean=pdf_qqbar_In sigma=1 ] = 1

functions
--------
RooAddition::n_exp_binbin1[ n_exp_binbin1_proc_wtau + n_exp_binbin1_proc_others + n_exp_binbin1_proc_qqH + n_exp_binbin1_proc_wmu + n_exp_binbin1_proc_wel + n_exp_binbin1_proc_qcd + n_exp_binbin1_proc_zvv ] = 437.891
RooAddition::n_exp_binbin1_bonly[ n_exp_binbin1_proc_wtau + n_exp_binbin1_proc_others + n_exp_binbin1_proc_wmu + n_exp_binbin1_proc_wel + n_exp_binbin1_proc_qcd + n_exp_binbin1_proc_zvv ] = 347.375
ProcessNormalization::n_exp_binbin1_proc_others[ thetaList=(lumi_8TeV,CMS_VBFHinv_other_norm) asymmThetaList=(CMS_eff_e,CMS_eff_m,CMS_scale_j,CMS_res_j,CMS_scale_met) otherFactorList=() ] = 20.045
ProcessNormalization::n_exp_binbin1_proc_qcd[ thetaList=(CMS_VBFHinv_qcd_norm) asymmThetaList=(CMS_eff_e,CMS_eff_m,CMS_scale_j,CMS_res_j,CMS_scale_met) otherFactorList=() ] = 32.4562
ProcessNormalization::n_exp_binbin1_proc_qqH[ thetaList=(lumi_8TeV,pdf_qqbar,QCD_qqH) asymmThetaList=(CMS_scale_j,CMS_res_j,CMS_scale_met) otherFactorList=(r) ] = 90.5157
ProcessNormalization::n_exp_binbin1_proc_wel[ thetaList=(CMS_VBFHinv_wel_norm) asymmThetaList=(CMS_eff_e,CMS_scale_j,CMS_res_j,CMS_scale_met) otherFactorList=() ] = 62.7291
ProcessNormalization::n_exp_binbin1_proc_wmu[ thetaList=(CMS_VBFHinv_wmu_norm) asymmThetaList=(CMS_eff_m,CMS_scale_j,CMS_res_j,CMS_scale_met) otherFactorList=() ] = 66.7633
ProcessNormalization::n_exp_binbin1_proc_wtau[ thetaList=(CMS_VBFHinv_wtau_norm) asymmThetaList=(CMS_eff_e,CMS_eff_m,CMS_scale_j,CMS_res_j,CMS_scale_met) otherFactorList=() ] = 53.3091
ProcessNormalization::n_exp_binbin1_proc_zvv[ thetaList=(CMS_VBFHinv_zvv_norm) asymmThetaList=(CMS_eff_m,CMS_scale_j,CMS_res_j,CMS_scale_met) otherFactorList=(CMS_VBFHinv_zvv_stat) ] = 112.073

datasets
--------
RooDataSet::data_obs(n_obs_binbin1)

named sets
----------
ModelConfig_GlobalObservables:(lumi_8TeV_In,CMS_eff_e_In,CMS_eff_m_In,CMS_scale_j_In,CMS_res_j_In,CMS_scale_met_In,pdf_qqbar_In,QCD_qqH_In,CMS_VBFHinv_zvv_stat_In,CMS_VBFHinv_zvv_norm_In,CMS_VBFHinv_wmu_norm_In,CMS_VBFHinv_wel_norm_In,CMS_VBFHinv_wtau_norm_In,CMS_VBFHinv_qcd_norm_In,CMS_VBFHinv_other_norm_In)
ModelConfig_NuisParams:(lumi_8TeV,CMS_eff_e,CMS_eff_m,CMS_scale_j,CMS_res_j,CMS_scale_met,pdf_qqbar,QCD_qqH,CMS_VBFHinv_zvv_stat,CMS_VBFHinv_zvv_norm,CMS_VBFHinv_wmu_norm,CMS_VBFHinv_wel_norm,CMS_VBFHinv_wtau_norm,CMS_VBFHinv_qcd_norm,CMS_VBFHinv_other_norm)
ModelConfig_Observables:(n_obs_binbin1)
ModelConfig_POI:(r)
ModelConfig_bonly_GlobalObservables:(lumi_8TeV_In,CMS_eff_e_In,CMS_eff_m_In,CMS_scale_j_In,CMS_res_j_In,CMS_scale_met_In,pdf_qqbar_In,QCD_qqH_In,CMS_VBFHinv_zvv_stat_In,CMS_VBFHinv_zvv_norm_In,CMS_VBFHinv_wmu_norm_In,CMS_VBFHinv_wel_norm_In,CMS_VBFHinv_wtau_norm_In,CMS_VBFHinv_qcd_norm_In,CMS_VBFHinv_other_norm_In)
ModelConfig_bonly_NuisParams:(lumi_8TeV,CMS_eff_e,CMS_eff_m,CMS_scale_j,CMS_res_j,CMS_scale_met,pdf_qqbar,QCD_qqH,CMS_VBFHinv_zvv_stat,CMS_VBFHinv_zvv_norm,CMS_VBFHinv_wmu_norm,CMS_VBFHinv_wel_norm,CMS_VBFHinv_wtau_norm,CMS_VBFHinv_qcd_norm,CMS_VBFHinv_other_norm)
ModelConfig_bonly_Observables:(n_obs_binbin1)
ModelConfig_bonly_POI:(r)
POI:(r)
globalObservables:(lumi_8TeV_In,CMS_eff_e_In,CMS_eff_m_In,CMS_scale_j_In,CMS_res_j_In,CMS_scale_met_In,pdf_qqbar_In,QCD_qqH_In,CMS_VBFHinv_zvv_stat_In,CMS_VBFHinv_zvv_norm_In,CMS_VBFHinv_wmu_norm_In,CMS_VBFHinv_wel_norm_In,CMS_VBFHinv_wtau_norm_In,CMS_VBFHinv_qcd_norm_In,CMS_VBFHinv_other_norm_In)
nuisances:(lumi_8TeV,CMS_eff_e,CMS_eff_m,CMS_scale_j,CMS_res_j,CMS_scale_met,pdf_qqbar,QCD_qqH,CMS_VBFHinv_zvv_stat,CMS_VBFHinv_zvv_norm,CMS_VBFHinv_wmu_norm,CMS_VBFHinv_wel_norm,CMS_VBFHinv_wtau_norm,CMS_VBFHinv_qcd_norm,CMS_VBFHinv_other_norm)
observables:(n_obs_binbin1)

generic objects
---------------
RooStats::ModelConfig::ModelConfig
RooStats::ModelConfig::ModelConfig_bonly
RooArgSet::discreteParams

[#1] INFO:ObjectHandling -- RooWorkspace::import(w) importing RooUniform::prior
Computing limit starting from observation
  1) RooRealVar:: n_obs_binbin1 = 390
Set default minimizer to Minuit2
Created Branches
[#1] INFO:Minization -- RooMinimizer::optimizeConst: activating const optimization
Minuit2Minimizer: Minimize with max-calls 7500 convergence for edm < 1 strategy 1
MnSeedGenerator: for initial parameters FCN = 15.073
MnSeedGenerator: Initial state:   - FCN =   15.07296167095 Edm =    0.0403289 NCalls =     61
VariableMetric: start iterating until Edm is < 0.001
VariableMetric: Initial state   - FCN =   15.07296167095 Edm =    0.0403289 NCalls =     61
VariableMetric: Iteration #   1 - FCN =   15.03351542017 Edm =  4.39882e-05 NCalls =     92
VariableMetric: After Hessian   - FCN =   15.03351542017 Edm =  4.12296e-05 NCalls =    258
Minuit2Minimizer : Valid minimum - status = 0
FVAL  = 15.0335154201734884
Edm   = 4.12295912579486353e-05
Nfcn  = 258
CMS_VBFHinv_other_norm	  = 0	 +/-  0.996602	(limited)
CMS_VBFHinv_qcd_norm	  = 0	 +/-  0.996602	(limited)
CMS_VBFHinv_wel_norm	  = 0	 +/-  0.996602	(limited)
CMS_VBFHinv_wmu_norm	  = 0	 +/-  0.996602	(limited)
CMS_VBFHinv_wtau_norm	  = 0	 +/-  0.996602	(limited)
CMS_VBFHinv_zvv_norm	  = 0	 +/-  0.996602	(limited)
CMS_VBFHinv_zvv_stat	  = 11.9686	 +/-  3.44605	(limited)
CMS_eff_e	  = 0	 +/-  0.996602	(limited)
CMS_eff_m	  = 0	 +/-  0.996602	(limited)
CMS_res_j	  = 0	 +/-  0.996602	(limited)
CMS_scale_j	  = 0	 +/-  0.996602	(limited)
CMS_scale_met	  = 0	 +/-  0.996602	(limited)
QCD_qqH	  = 0	 +/-  0.996602	(limited)
lumi_8TeV	  = 0	 +/-  0.996602	(limited)
pdf_qqbar	  = 0	 +/-  0.996602	(limited)
[#1] INFO:Minization -- RooMinimizer::optimizeConst: deactivating const optimization
[#1] INFO:Minization --  Including the following contraint terms in minimization: (nuisancePdf)
[#1] INFO:Minization --  Including the following contraint terms in minimization: (nuisancePdf)
[#1] INFO:Fitting -- RooAddition::defaultErrorLevel(nll_model_s_data_obs_with_constr) Summation contains a RooNLLVar, using its error level
do first Minimization 
Minuit2Minimizer: Minimize with max-calls 7500 convergence for edm < 0.01 strategy 1
MnSeedGenerator: for initial parameters FCN = 21.4895
MnSeedGenerator: Initial state:   - FCN =   21.48947112398 Edm =      11.2222 NCalls =     61
VariableMetric: start iterating until Edm is < 9.88946e-06
VariableMetric: Initial state   - FCN =   21.48947112398 Edm =      11.2222 NCalls =     61
VariableMetric: Iteration #   1 - FCN =   19.42609616993 Edm =     0.275716 NCalls =     97
VariableMetric: Iteration #   2 - FCN =   19.34201877753 Edm =    0.0239849 NCalls =    129
VariableMetric: Iteration #   3 - FCN =   19.31714524731 Edm =   0.00291064 NCalls =    161
VariableMetric: Iteration #   4 - FCN =   19.31114848663 Edm =  0.000660576 NCalls =    193
VariableMetric: Iteration #   5 - FCN =   19.30968229431 Edm =  0.000425411 NCalls =    225
VariableMetric: Iteration #   6 - FCN =   19.30891002943 Edm =  8.18667e-05 NCalls =    257
VariableMetric: Iteration #   7 - FCN =   19.30883114692 Edm =   4.1529e-06 NCalls =    288
VariableMetric: After Hessian   - FCN =   19.30883114692 Edm =  6.57304e-06 NCalls =    456
Number of iterations 9
----------> Iteration 0
            FVAL = 21.489471124 Edm = 11.2222356708 Nfcn = 61
            Error matrix change = 1
            Parameters :  p0 = 0 p1 = 0 p2 = 0 p3 = 0 p4 = 0 p5 = 0 p6 = 13 p7 = 0 p8 = 0 p9 = 0 p10 = 0 p11 = 0 p12 = 0 p13 = 0 p14 = 0
----------> Iteration 1
            FVAL = 19.4260961699 Edm = 0.275716099215 Nfcn = 97
            Error matrix change = 0.615599
            Parameters :  p0 = 0.105682 p1 = 0.252248 p2 = 0.23519 p3 = 0.220738 p4 = 0.292914 p5 = 0.213126 p6 = 13.5692 p7 = -0.0166096 p8 = -0.404309 p9 = -0.0443412 p10 = -0.0300412 p11 = -0.0169546 p12 = 0 p13 = 0.0102203 p14 = 0
----------> Iteration 2
            FVAL = 19.3420187775 Edm = 0.0239849455579 Nfcn = 129
            Error matrix change = 0.418369
            Parameters :  p0 = 0.100497 p1 = 0.257722 p2 = 0.268228 p3 = 0.249005 p4 = 0.352574 p5 = 0.285014 p6 = 13.7002 p7 = -0.0123198 p8 = -0.0289962 p9 = -0.0580157 p10 = -0.0424116 p11 = -0.020347 p12 = 0 p13 = 0.0101066 p14 = 0
----------> Iteration 3
            FVAL = 19.3171452473 Edm = 0.00291063578792 Nfcn = 161
            Error matrix change = 0.242749
            Parameters :  p0 = 0.0641599 p1 = 0.190444 p2 = 0.258879 p3 = 0.231955 p4 = 0.373875 p5 = 0.366451 p6 = 13.8013 p7 = -0.00316764 p8 = -0.116063 p9 = -0.0757488 p10 = -0.0629609 p11 = -0.0223545 p12 = 0 p13 = 0.00711432 p14 = 0
----------> Iteration 4
            FVAL = 19.3111484866 Edm = 0.000660576144318 Nfcn = 193
            Error matrix change = 0.183532
            Parameters :  p0 = 0.0726111 p1 = 0.167479 p2 = 0.22071 p3 = 0.198127 p4 = 0.317556 p5 = 0.406283 p6 = 13.8199 p7 = -0.0153139 p8 = -0.114891 p9 = -0.0934538 p10 = -0.0940527 p11 = -0.0218857 p12 = 0 p13 = 0.00709473 p14 = 0
----------> Iteration 5
            FVAL = 19.3096822943 Edm = 0.000425410868971 Nfcn = 225
            Error matrix change = 0.155196
            Parameters :  p0 = 0.0608506 p1 = 0.198262 p2 = 0.223423 p3 = 0.199614 p4 = 0.310251 p5 = 0.404653 p6 = 13.8176 p7 = 0.00675823 p8 = -0.104026 p9 = -0.0955522 p10 = -0.115723 p11 = -0.0201305 p12 = 0 p13 = 0.00676955 p14 = 0
----------> Iteration 6
            FVAL = 19.3089100294 Edm = 8.18666856393e-05 Nfcn = 257
            Error matrix change = 0.156873
            Parameters :  p0 = 0.0659221 p1 = 0.193075 p2 = 0.231232 p3 = 0.207105 p4 = 0.317766 p5 = 0.389973 p6 = 13.7978 p7 = -0.0157007 p8 = -0.107151 p9 = -0.0944283 p10 = -0.13309 p11 = -0.0200823 p12 = 0 p13 = 0.00691284 p14 = 0
----------> Iteration 7
            FVAL = 19.3088311469 Edm = 4.15290005502e-06 Nfcn = 288
            Error matrix change = 0.11915
            Parameters :  p0 = 0.067632 p1 = 0.188065 p2 = 0.231437 p3 = 0.207253 p4 = 0.32207 p5 = 0.386982 p6 = 13.7908 p7 = -0.00614065 p8 = -0.109668 p9 = -0.0938135 p10 = -0.135637 p11 = -0.0207996 p12 = 0 p13 = 0.00698123 p14 = 0
----------> Iteration 8
            FVAL = 19.3088311469 Edm = 6.57303528666e-06 Nfcn = 456
            Error matrix change = 0
            Parameters :  p0 = 0.067632 p1 = 0.188065 p2 = 0.231437 p3 = 0.207253 p4 = 0.32207 p5 = 0.386982 p6 = 13.7908 p7 = -0.00614065 p8 = -0.109668 p9 = -0.0938135 p10 = -0.135637 p11 = -0.0207996 p12 = 0 p13 = 0.00698123 p14 = 0
Minuit2Minimizer : Valid minimum - status = 0
FVAL  = 19.3088311469197293
Edm   = 6.57303528666240422e-06
Nfcn  = 456
CMS_VBFHinv_other_norm	  = 0.067632	 +/-  0.99703	(limited)
CMS_VBFHinv_qcd_norm	  = 0.188065	 +/-  1.00398	(limited)
CMS_VBFHinv_wel_norm	  = 0.231437	 +/-  0.986168	(limited)
CMS_VBFHinv_wmu_norm	  = 0.207253	 +/-  0.987282	(limited)
CMS_VBFHinv_wtau_norm	  = 0.32207	 +/-  0.98268	(limited)
CMS_VBFHinv_zvv_norm	  = 0.386982	 +/-  0.900332	(limited)
CMS_VBFHinv_zvv_stat	  = 13.7908	 +/-  3.14778	(limited)
CMS_eff_e	  = -0.00614065	 +/-  1.01243	(limited)
CMS_eff_m	  = -0.109668	 +/-  1.02402	(limited)
CMS_res_j	  = -0.0938135	 +/-  0.893291	(limited)
CMS_scale_j	  = -0.135637	 +/-  0.702087	(limited)
CMS_scale_met	  = -0.0207996	 +/-  0.9444	(limited)
QCD_qqH	  = 0	 +/-  0.991116	(limited)
lumi_8TeV	  = 0.00698123	 +/-  0.99118	(limited)
pdf_qqbar	  = 0	 +/-  0.991116	(limited)
Minimized in : Real time 0:00:00, CP time 0.000
State returned from Hesse 

# of function calls: 622
function Value: 19.30883114692
expected distance to the Minimum (edm): 6.568485191841e-06
external parameters: 
# ext. ||   Name    ||   type  ||     Value     ||  Error +/- 

   0   ||CMS_VBFHinv_other_norm || limited ||    0.06763197809319 ||0.9970148392449
   1   ||CMS_VBFHinv_qcd_norm || limited ||     0.1880646283375 ||1.003883993611
   2   ||CMS_VBFHinv_wel_norm || limited ||     0.2314368339382 ||0.9861096420565
   3   ||CMS_VBFHinv_wmu_norm || limited ||     0.2072532521563 ||0.9872341117398
   4   ||CMS_VBFHinv_wtau_norm || limited ||     0.3220695612828 ||0.9824983632859
   5   ||CMS_VBFHinv_zvv_norm || limited ||     0.3869824727649 ||0.8998814583785
   6   ||CMS_VBFHinv_zvv_stat || limited ||       13.7908254488 ||3.146439906505
   7   || CMS_eff_e || limited ||  -0.006140653137669 ||1.012433945687
   8   || CMS_eff_m || limited ||     -0.109668150424 ||1.024138971282
   9   || CMS_res_j || limited ||   -0.09381353893509 ||0.8930989411232
  10   ||CMS_scale_j || limited ||    -0.1356370510511 ||0.7015302761828
  11   ||CMS_scale_met || limited ||   -0.02079960332251 ||0.9443739314231
  12   ||   QCD_qqH || limited ||                   0 ||0.9911161756871
  13   || lumi_8TeV || limited ||   0.006981233163026 ||0.9911799369487
  14   || pdf_qqbar || limited ||                   0 ||0.9911161756871



covariance matrix: 
MnUserCovariance: 

      1.00083   -0.0172305   -0.0190142   -0.0164743   -0.0286796   -0.0374614      -0.1723 -0.000346019    0.0108622   0.00635773    0.0180347   0.00164779 -2.20564e-09   0.00123478 -2.20564e-09
   -0.0172305      1.01477   -0.0591529   -0.0528766   -0.0895734    -0.121696    -0.559643   0.00728439    0.0360528   -0.0075721   -0.0257657 -9.67037e-06  2.79976e-09  -0.00179314  2.79976e-09
   -0.0190142   -0.0591529     0.978921   -0.0618438    -0.106026    -0.141408    -0.650311  -0.00539544    0.0414947  -0.00217325    0.0154494  0.000840189 -2.76805e-09  -0.00197875 -2.76805e-09
   -0.0164743   -0.0528766   -0.0618438     0.981168   -0.0923903    -0.122763    -0.564567   0.00157492    0.0297284    0.0284982    0.0177873   0.00472938  2.13593e-09  -0.00171272  2.13593e-09
   -0.0286796   -0.0895734    -0.106026   -0.0923903     0.971723    -0.212005    -0.974959   0.00678495    0.0621237    0.0368582    0.0182039   0.00740832  2.94425e-09  -0.00298067  2.94425e-09
   -0.0374614    -0.121696    -0.141408    -0.122763    -0.212005     0.814301    -0.804747   0.00351307    0.0575338    0.0524434    0.0517148     0.014136 -4.31968e-09  -0.00389302 -4.31968e-09
      -0.1723    -0.559643    -0.650311    -0.564567    -0.974959    -0.804747      9.94641    0.0161279     0.264569     0.241148     0.237753    0.0649914 -5.04158e-09   -0.0179219 -5.04158e-09
 -0.000346019   0.00728439  -0.00539544   0.00157492   0.00678495   0.00351307    0.0161279      1.03225 -0.000999207  0.000454097  -0.00409403  3.61351e-05  2.00291e-09 -3.48389e-05  2.00291e-09
    0.0108622    0.0360528    0.0414947    0.0297284    0.0621237    0.0575338     0.264569 -0.000999207      1.05643   -0.0162998   -0.0148397  -0.00397455 -1.81445e-09   0.00112927 -1.81445e-09
   0.00635773   -0.0075721  -0.00217325    0.0284982    0.0368582    0.0524434     0.241148  0.000454097   -0.0162998     0.801992    0.0105071    0.0018859 -1.88303e-09  0.000661253 -1.88303e-09
    0.0180347   -0.0257657    0.0154494    0.0177873    0.0182039    0.0517148     0.237753  -0.00409403   -0.0148397    0.0105071     0.493802   0.00179629 -7.18308e-09   0.00187417 -7.18308e-09
   0.00164779 -9.67037e-06  0.000840189   0.00472938   0.00740832     0.014136    0.0649914  3.61351e-05  -0.00397455    0.0018859   0.00179629     0.897306    1.735e-09  0.000171569    1.735e-09
 -2.20564e-09  2.79976e-09 -2.76805e-09  2.13593e-09  2.94425e-09 -4.31968e-09 -5.04158e-09  2.00291e-09 -1.81445e-09 -1.88303e-09 -7.18308e-09    1.735e-09     0.988947 -1.89234e-09  1.64599e-16
   0.00123478  -0.00179314  -0.00197875  -0.00171272  -0.00298067  -0.00389302   -0.0179219 -3.48389e-05   0.00112927  0.000661253   0.00187417  0.000171569 -1.89234e-09     0.989075 -1.89234e-09
 -2.20564e-09  2.79976e-09 -2.76805e-09  2.13593e-09  2.94425e-09 -4.31968e-09 -5.04158e-09  2.00291e-09 -1.81445e-09 -1.88303e-09 -7.18308e-09    1.735e-09  1.64599e-16 -1.89234e-09     0.988947

MnUserCovariance Parameter correlations: 

            1   -0.0170975   -0.0192099   -0.0166247   -0.0290818   -0.0414964   -0.0546097 -0.000340429    0.0105637   0.00709637    0.0256538   0.00173881   -2.217e-09   0.00124106   -2.217e-09
   -0.0170975            1   -0.0593496   -0.0529916   -0.0902035    -0.133875    -0.176154   0.00711731    0.0348203  -0.00839357   -0.0363983 -1.01342e-05  2.79479e-09  -0.00178984  2.79479e-09
   -0.0192099   -0.0593496            1   -0.0631031     -0.10871    -0.158383    -0.208408  -0.00536736    0.0408036  -0.00245273    0.0222209  0.000896464 -2.81328e-09  -0.00201095 -2.81328e-09
   -0.0166247   -0.0529916   -0.0631031            1   -0.0946201    -0.137341    -0.180722   0.00156492    0.0291997    0.0321263    0.0255542   0.00504036  2.16835e-09   -0.0017386  2.16835e-09
   -0.0290818   -0.0902035     -0.10871   -0.0946201            1    -0.238332    -0.313604   0.00677459    0.0613148     0.041752    0.0262795   0.00793374  3.00343e-09  -0.00304038  3.00343e-09
   -0.0414964    -0.133875    -0.158383    -0.137341    -0.238332            1     -0.28277   0.00383179    0.0620311    0.0648953    0.0815542    0.0165373 -4.81363e-09   -0.0043379 -4.81363e-09
   -0.0546097    -0.176154    -0.208408    -0.180722    -0.313604     -0.28277            1   0.00503329    0.0816178    0.0853819     0.107279    0.0217546 -1.60749e-09  -0.00571394 -1.60749e-09
 -0.000340429   0.00711731  -0.00536736   0.00156492   0.00677459   0.00383179   0.00503329            1 -0.000956846  0.000499081  -0.00573433  3.75462e-05  1.98236e-09 -3.44792e-05  1.98236e-09
    0.0105637    0.0348203    0.0408036    0.0291997    0.0613148    0.0620311    0.0816178 -0.000956846            1   -0.0177083   -0.0205461  -0.00408223 -1.77517e-09   0.00110475 -1.77517e-09
   0.00709637  -0.00839357  -0.00245273    0.0321263     0.041752    0.0648953    0.0853819  0.000499081   -0.0177083            1    0.0166963   0.00222313 -2.11439e-09  0.000742451 -2.11439e-09
    0.0256538   -0.0363983    0.0222209    0.0255542    0.0262795    0.0815542     0.107279  -0.00573433   -0.0205461    0.0166963            1   0.00269854 -1.02789e-08   0.00268175 -1.02789e-08
   0.00173881 -1.01342e-05  0.000896464   0.00504036   0.00793374    0.0165373    0.0217546  3.75462e-05  -0.00408223   0.00222313   0.00269854            1   1.8418e-09  0.000182119   1.8418e-09
   -2.217e-09  2.79479e-09 -2.81328e-09  2.16835e-09  3.00343e-09 -4.81363e-09 -1.60749e-09  1.98236e-09 -1.77517e-09 -2.11439e-09 -1.02789e-08   1.8418e-09            1 -1.91337e-09  1.66438e-16
   0.00124106  -0.00178984  -0.00201095   -0.0017386  -0.00304038   -0.0043379  -0.00571394 -3.44792e-05   0.00110475  0.000742451   0.00268175  0.000182119 -1.91337e-09            1 -1.91337e-09
   -2.217e-09  2.79479e-09 -2.81328e-09  2.16835e-09  3.00343e-09 -4.81363e-09 -1.60749e-09  1.98236e-09 -1.77517e-09 -2.11439e-09 -1.02789e-08   1.8418e-09  1.66438e-16 -1.91337e-09            1

global correlation coefficients : 
MnGlobalCorrelationCoeff: 

      0.23372
     0.562081
     0.630432
     0.588996
     0.749571
      0.77102
     0.813651
    0.0278841
     0.366853
     0.288587
     0.327331
    0.0730291
  1.49012e-08
    0.0248701
  1.49012e-08




  RooFitResult: minimized FCN value: 19.3088, estimated distance to minimum: 6.56849e-06
                covariance matrix quality: Full, accurate covariance matrix
                Status : MINIMIZE=0 HESSE=0 

    Constant Parameter    Value     
  --------------------  ------------
  CMS_VBFHinv_other_norm_In    0.0000e+00
  CMS_VBFHinv_qcd_norm_In    0.0000e+00
  CMS_VBFHinv_wel_norm_In    0.0000e+00
  CMS_VBFHinv_wmu_norm_In    0.0000e+00
  CMS_VBFHinv_wtau_norm_In    0.0000e+00
  CMS_VBFHinv_zvv_norm_In    0.0000e+00
  CMS_VBFHinv_zvv_stat_In    1.2000e+01
          CMS_eff_e_In    0.0000e+00
          CMS_eff_m_In    0.0000e+00
          CMS_res_j_In    0.0000e+00
        CMS_scale_j_In    0.0000e+00
      CMS_scale_met_In    0.0000e+00
            QCD_qqH_In    0.0000e+00
          lumi_8TeV_In    0.0000e+00
          pdf_qqbar_In    0.0000e+00
                     r    0.0000e+00

    Floating Parameter  InitialValue    FinalValue +/-  Error     GblCorr.
  --------------------  ------------  --------------------------  --------
  CMS_VBFHinv_other_norm    0.0000e+00    6.7632e-02 +/-  9.97e-01  <none>
  CMS_VBFHinv_qcd_norm    0.0000e+00    1.8806e-01 +/-  1.00e+00  <none>
  CMS_VBFHinv_wel_norm    0.0000e+00    2.3144e-01 +/-  9.86e-01  <none>
  CMS_VBFHinv_wmu_norm    0.0000e+00    2.0725e-01 +/-  9.87e-01  <none>
  CMS_VBFHinv_wtau_norm    0.0000e+00    3.2207e-01 +/-  9.82e-01  <none>
  CMS_VBFHinv_zvv_norm    0.0000e+00    3.8698e-01 +/-  9.00e-01  <none>
  CMS_VBFHinv_zvv_stat    1.3000e+01    1.3791e+01 +/-  3.15e+00  <none>
             CMS_eff_e    0.0000e+00   -6.1407e-03 +/-  1.01e+00  <none>
             CMS_eff_m    0.0000e+00   -1.0967e-01 +/-  1.02e+00  <none>
             CMS_res_j    0.0000e+00   -9.3814e-02 +/-  8.93e-01  <none>
           CMS_scale_j    0.0000e+00   -1.3564e-01 +/-  7.02e-01  <none>
         CMS_scale_met    0.0000e+00   -2.0800e-02 +/-  9.44e-01  <none>
               QCD_qqH    0.0000e+00    0.0000e+00 +/-  9.91e-01  <none>
             lumi_8TeV    0.0000e+00    6.9812e-03 +/-  9.91e-01  <none>
             pdf_qqbar    0.0000e+00    0.0000e+00 +/-  9.91e-01  <none>


  RooFitResult: minimized FCN value: 19.3088, estimated distance to minimum: 6.56849e-06
                covariance matrix quality: Full, accurate covariance matrix
                Status : MINIMIZE=0 HESSE=0 

    Constant Parameter    Value     
  --------------------  ------------
  CMS_VBFHinv_other_norm_In    0.0000e+00
  CMS_VBFHinv_qcd_norm_In    0.0000e+00
  CMS_VBFHinv_wel_norm_In    0.0000e+00
  CMS_VBFHinv_wmu_norm_In    0.0000e+00
  CMS_VBFHinv_wtau_norm_In    0.0000e+00
  CMS_VBFHinv_zvv_norm_In    0.0000e+00
  CMS_VBFHinv_zvv_stat_In    1.2000e+01
          CMS_eff_e_In    0.0000e+00
          CMS_eff_m_In    0.0000e+00
          CMS_res_j_In    0.0000e+00
        CMS_scale_j_In    0.0000e+00
      CMS_scale_met_In    0.0000e+00
            QCD_qqH_In    0.0000e+00
          lumi_8TeV_In    0.0000e+00
          pdf_qqbar_In    0.0000e+00
                     r    0.0000e+00

    Floating Parameter  InitialValue    FinalValue +/-  Error     GblCorr.
  --------------------  ------------  --------------------------  --------
  CMS_VBFHinv_other_norm    0.0000e+00    6.7632e-02 +/-  9.97e-01  <none>
  CMS_VBFHinv_qcd_norm    0.0000e+00    1.8806e-01 +/-  1.00e+00  <none>
  CMS_VBFHinv_wel_norm    0.0000e+00    2.3144e-01 +/-  9.86e-01  <none>
  CMS_VBFHinv_wmu_norm    0.0000e+00    2.0725e-01 +/-  9.87e-01  <none>
  CMS_VBFHinv_wtau_norm    0.0000e+00    3.2207e-01 +/-  9.82e-01  <none>
  CMS_VBFHinv_zvv_norm    0.0000e+00    3.8698e-01 +/-  9.00e-01  <none>
  CMS_VBFHinv_zvv_stat    1.3000e+01    1.3791e+01 +/-  3.15e+00  <none>
             CMS_eff_e    0.0000e+00   -6.1407e-03 +/-  1.01e+00  <none>
             CMS_eff_m    0.0000e+00   -1.0967e-01 +/-  1.02e+00  <none>
             CMS_res_j    0.0000e+00   -9.3814e-02 +/-  8.93e-01  <none>
           CMS_scale_j    0.0000e+00   -1.3564e-01 +/-  7.02e-01  <none>
         CMS_scale_met    0.0000e+00   -2.0800e-02 +/-  9.44e-01  <none>
               QCD_qqH    0.0000e+00    0.0000e+00 +/-  9.91e-01  <none>
             lumi_8TeV    0.0000e+00    6.9812e-03 +/-  9.91e-01  <none>
             pdf_qqbar    0.0000e+00    0.0000e+00 +/-  9.91e-01  <none>

[#1] INFO:Minization --  Including the following contraint terms in minimization: (nuisancePdf)
[#1] INFO:Fitting -- RooAddition::defaultErrorLevel(nll_model_s_data_obs_with_constr) Summation contains a RooNLLVar, using its error level
do first Minimization 
Minuit2Minimizer: Minimize with max-calls 8000 convergence for edm < 0.01 strategy 1
MnSeedGenerator: for initial parameters FCN = 21.6951
MnSeedGenerator: Initial state:   - FCN =   21.69510842696 Edm =      8.76183 NCalls =     65
MnSeedGenerator: Negative G2 found - new state:   - FCN =   20.44376406177 Edm =      3.07499 NCalls =    148
VariableMetric: start iterating until Edm is < 9.88946e-06
VariableMetric: Initial state   - FCN =   20.44376406177 Edm =      3.07499 NCalls =    148
VariableMetric: Iteration #   1 - FCN =   19.55867289297 Edm =     0.403149 NCalls =    184
VariableMetric: Iteration #   2 - FCN =   19.10380826843 Edm =    0.0355968 NCalls =    220
VariableMetric: Iteration #   3 - FCN =   19.03003700976 Edm =    0.0284779 NCalls =    254
VariableMetric: Iteration #   4 - FCN =   18.99428983452 Edm =    0.0127629 NCalls =    288
VariableMetric: Iteration #   5 - FCN =   18.97652356824 Edm =   0.00956278 NCalls =    322
VariableMetric: Iteration #   6 - FCN =   18.94653433679 Edm =   0.00487189 NCalls =    357
VariableMetric: Iteration #   7 - FCN =   18.93719929385 Edm =  0.000856409 NCalls =    394
VariableMetric: Iteration #   8 - FCN =   18.93575168669 Edm =  4.42591e-05 NCalls =    428
VariableMetric: Iteration #   9 - FCN =   18.93570592708 Edm =  4.18721e-06 NCalls =    461
VariableMetric: After Hessian   - FCN =   18.93570592708 Edm =  6.19296e-06 NCalls =    648
Number of iterations 11
----------> Iteration 0
            FVAL = 20.4437640618 Edm = 3.07498712497 Nfcn = 148
            Error matrix change = 1
            Parameters :  p0 = 0 p1 = 0 p2 = 0 p3 = 0 p4 = 0 p5 = 0 p6 = 13 p7 = 0 p8 = 0 p9 = 0.796314 p10 = 0.788182 p11 = 0 p12 = 0 p13 = 0 p14 = 0 p15 = 1
----------> Iteration 1
            FVAL = 19.558672893 Edm = 0.403149130214 Nfcn = 184
            Error matrix change = 0.5841
            Parameters :  p0 = -0.0799819 p1 = -0.0849496 p2 = -0.157022 p3 = -0.16198 p4 = -0.157857 p5 = -0.171466 p6 = 12.2923 p7 = 0.0144862 p8 = 0.0795402 p9 = 0.685798 p10 = 0.792269 p11 = 0.0171116 p12 = -0.0676137 p13 = -0.0541002 p14 = -0.0881271 p15 = 0.924377
----------> Iteration 2
            FVAL = 19.1038082684 Edm = 0.0355967694849 Nfcn = 220
            Error matrix change = 0.327941
            Parameters :  p0 = -0.0413637 p1 = -0.0485159 p2 = -0.131915 p3 = -0.137034 p4 = -0.170636 p5 = -0.19449 p6 = 11.793 p7 = 0.00668018 p8 = 0.0631756 p9 = -0.0995899 p10 = 0.340805 p11 = -0.0164623 p12 = -0.0291879 p13 = -0.0223577 p14 = -0.0411232 p15 = 0.882442
----------> Iteration 3
            FVAL = 19.0300370098 Edm = 0.0284778731133 Nfcn = 254
            Error matrix change = 0.273434
            Parameters :  p0 = -0.0311013 p1 = -0.123976 p2 = -0.113383 p3 = -0.0915318 p4 = -0.158824 p5 = -0.166316 p6 = 11.3575 p7 = -7.94834e-05 p8 = 0.0189136 p9 = -0.030867 p10 = 0.231698 p11 = 0.0852301 p12 = -0.000702705 p13 = -0.00374485 p14 = -0.0014345 p15 = 0.813676
----------> Iteration 4
            FVAL = 18.9942898345 Edm = 0.0127628813474 Nfcn = 288
            Error matrix change = 0.238654
            Parameters :  p0 = -0.0187508 p1 = -0.0689913 p2 = -0.0684661 p3 = -0.049743 p4 = -0.119816 p5 = -0.126209 p6 = 11.1882 p7 = 0.00108479 p8 = 0.00456203 p9 = 0.0582239 p10 = 0.0752553 p11 = -0.0712305 p12 = -0.00648344 p13 = -0.00701917 p14 = -0.00687306 p15 = 0.759689
----------> Iteration 5
            FVAL = 18.9765235682 Edm = 0.0095627791229 Nfcn = 322
            Error matrix change = 0.22688
            Parameters :  p0 = -0.0141547 p1 = -0.00652262 p2 = -0.0370842 p3 = -0.0331021 p4 = -0.0771256 p5 = -0.0855197 p6 = 11.2553 p7 = 0.00378697 p8 = 0.0128118 p9 = 0.0678453 p10 = -0.012718 p11 = 0.0592918 p12 = -0.0170584 p13 = -0.0129765 p14 = -0.0217 p15 = 0.713907
----------> Iteration 6
            FVAL = 18.9465343368 Edm = 0.00487188588568 Nfcn = 357
            Error matrix change = 0.247657
            Parameters :  p0 = -0.0138524 p1 = 0.00592032 p2 = -0.0125727 p3 = -0.0335642 p4 = 0.0111796 p5 = 0.00846688 p6 = 11.7418 p7 = 0.00287168 p8 = 0.040047 p9 = -0.0014286 p10 = -0.0875666 p11 = -0.0186239 p12 = -0.00911892 p13 = -0.00557822 p14 = -0.0168962 p15 = 0.599016
----------> Iteration 7
            FVAL = 18.9371992939 Edm = 0.000856408886635 Nfcn = 394
            Error matrix change = 0.192179
            Parameters :  p0 = -0.000863712 p1 = -0.0342336 p2 = -0.0228679 p3 = -0.0221633 p4 = -0.00588185 p5 = -0.00233787 p6 = 11.9757 p7 = -0.00147868 p8 = 0.00880286 p9 = 0.0128835 p10 = 0.00154339 p11 = -0.00490224 p12 = 0.00669399 p13 = 0.00372071 p14 = 0.0103696 p15 = 0.587151
----------> Iteration 8
            FVAL = 18.9357516867 Edm = 4.42591421588e-05 Nfcn = 428
            Error matrix change = 0.156772
            Parameters :  p0 = 0.000135478 p1 = -0.000198456 p2 = -0.00372992 p3 = -0.00058284 p4 = -0.00163461 p5 = 0.00197805 p6 = 12.0142 p7 = 0.00028033 p8 = -0.00312505 p9 = 0.00148214 p10 = -0.00163712 p11 = 0.00294706 p12 = -0.00126883 p13 = -0.000902167 p14 = -0.00127042 p15 = 0.566528
----------> Iteration 9
            FVAL = 18.9357059271 Edm = 4.18720919884e-06 Nfcn = 461
            Error matrix change = 0.106319
            Parameters :  p0 = -0.000107603 p1 = -0.00029723 p2 = -0.00151902 p3 = 0.000276165 p4 = -0.00212191 p5 = 0.000213778 p6 = 12.0014 p7 = 6.24475e-05 p8 = -0.00166676 p9 = 0.000686875 p10 = -0.000949534 p11 = 0.000197715 p12 = -8.63195e-05 p13 = -5.08009e-05 p14 = -0.000143581 p15 = 0.566274
----------> Iteration 10
            FVAL = 18.9357059271 Edm = 6.19295695108e-06 Nfcn = 648
            Error matrix change = 0
            Parameters :  p0 = -0.000107603 p1 = -0.00029723 p2 = -0.00151902 p3 = 0.000276165 p4 = -0.00212191 p5 = 0.000213778 p6 = 12.0014 p7 = 6.24475e-05 p8 = -0.00166676 p9 = 0.000686875 p10 = -0.000949534 p11 = 0.000197715 p12 = -8.63195e-05 p13 = -5.08009e-05 p14 = -0.000143581 p15 = 0.566274
Minuit2Minimizer : Valid minimum - status = 0
FVAL  = 18.9357059270834043
Edm   = 6.19295695107557996e-06
Nfcn  = 648
CMS_VBFHinv_other_norm	  = -0.000107603	 +/-  0.99118	(limited)
CMS_VBFHinv_qcd_norm	  = -0.00029723	 +/-  0.991435	(limited)
CMS_VBFHinv_wel_norm	  = -0.00151902	 +/-  0.991464	(limited)
CMS_VBFHinv_wmu_norm	  = 0.000276165	 +/-  0.991394	(limited)
CMS_VBFHinv_wtau_norm	  = -0.00212191	 +/-  0.991862	(limited)
CMS_VBFHinv_zvv_norm	  = 0.000213778	 +/-  0.99165	(limited)
CMS_VBFHinv_zvv_stat	  = 12.0014	 +/-  3.43633	(limited)
CMS_eff_e	  = 6.24475e-05	 +/-  0.991173	(limited)
CMS_eff_m	  = -0.00166676	 +/-  0.991154	(limited)
CMS_res_j	  = 0.000686875	 +/-  0.991177	(limited)
CMS_scale_j	  = -0.000949534	 +/-  0.993664	(limited)
CMS_scale_met	  = 0.000197715	 +/-  0.990987	(limited)
QCD_qqH	  = -8.63195e-05	 +/-  0.99113	(limited)
lumi_8TeV	  = -5.08009e-05	 +/-  0.991125	(limited)
pdf_qqbar	  = -0.000143581	 +/-  0.991143	(limited)
r	  = 0.566274	 +/-  0.618478	(limited)
Minimized in : Real time 0:00:00, CP time 0.010
State returned from Hesse 

# of function calls: 833
function Value: 18.93570592708
expected distance to the Minimum (edm): 6.185382273897e-06
external parameters: 
# ext. ||   Name    ||   type  ||     Value     ||  Error +/- 

   0   ||CMS_VBFHinv_other_norm || limited || -0.0001076032217782 ||0.9911584638082
   1   ||CMS_VBFHinv_qcd_norm || limited ||  -0.000297230050359 ||0.9912901624451
   2   ||CMS_VBFHinv_wel_norm || limited ||  -0.001519016764686 ||0.9913083867942
   3   ||CMS_VBFHinv_wmu_norm || limited ||  0.0002761650693603 ||0.9912716352442
   4   ||CMS_VBFHinv_wtau_norm || limited ||  -0.002121909593727 ||0.9915012183361
   5   ||CMS_VBFHinv_zvv_norm || limited ||  0.0002137776782725 ||0.9914146777937
   6   ||CMS_VBFHinv_zvv_stat || limited ||      12.00143012329 ||3.435701717317
   7   || CMS_eff_e || limited ||  6.244751651518e-05 ||0.9911783314021
   8   || CMS_eff_m || limited ||  -0.001666764042966 ||0.9912553814508
   9   || CMS_res_j || limited ||  0.0006868748269371 ||0.9907220354474
  10   ||CMS_scale_j || limited || -0.0009495340126247 ||0.9891879655837
  11   ||CMS_scale_met || limited ||  0.0001977153014741 ||0.9909614182832
  12   ||   QCD_qqH || limited || -8.631950875326e-05 ||0.9911186097744
  13   || lumi_8TeV || limited || -5.080088141085e-05 ||0.9911185891664
  14   || pdf_qqbar || limited || -0.0001435814130222 ||0.9911212811562
  15   ||         r || limited ||     0.5662738985177 ||0.6174904230194



covariance matrix: 
MnUserCovariance: 

     0.989032  3.41719e-05  4.41469e-05   3.9808e-05  5.88816e-05  6.44557e-05  0.000295686 -5.78987e-06 -2.00237e-05 -3.90633e-05 -1.06396e-05 -6.09505e-06  1.39649e-06  8.89634e-06  2.99655e-06   -0.0541492
  3.41719e-05     0.989296   0.00010864  9.94756e-05  0.000144357  0.000158689  0.000733651  5.66467e-06 -4.42543e-05  -0.00014153 -0.000398827 -2.07869e-05   7.5963e-06  8.11782e-06  1.02712e-05    -0.128762
  4.41469e-05   0.00010864     0.989333  0.000131646  0.000190602  0.000207843  0.000962495 -2.00691e-05 -5.90335e-05 -0.000127008 -0.000231854 -2.57434e-05  7.20648e-06  9.37117e-06  1.18406e-05    -0.169357
   3.9808e-05  9.94756e-05  0.000131646     0.989259   0.00017483  0.000190447  0.000883939 -7.17654e-06 -6.54082e-05 -4.72821e-05 -0.000177798 -1.54856e-05  6.46388e-06  9.06768e-06  1.02843e-05    -0.156479
  5.88816e-05  0.000144357  0.000190602   0.00017483      0.98972  0.000277112   0.00127681 -3.37623e-06 -7.60588e-05 -0.000102602 -0.000256004 -2.12928e-05  1.15268e-05  1.48461e-05  1.64487e-05    -0.225183
  6.44557e-05  0.000158689  0.000207843  0.000190447  0.000277112     0.989546   0.00139961 -9.08557e-06  -0.00011624  -9.0081e-05 -0.000247936 -1.79753e-05  1.13924e-05  1.69416e-05  1.85724e-05    -0.246476
  0.000295686  0.000733651  0.000962495  0.000883939   0.00127681   0.00139961      11.8778 -3.95186e-05   -0.0005211 -0.000424769  -0.00112271 -8.47624e-05  5.78581e-05  7.55649e-05  8.92115e-05     -1.13305
 -5.78987e-06  5.66467e-06 -2.00691e-05 -7.17654e-06 -3.37623e-06 -9.08557e-06 -3.95186e-05     0.989071 -5.91728e-07  1.92843e-06 -1.71476e-05  -1.9189e-07 -1.83061e-06  -1.2695e-06   -1.638e-06   0.00626686
 -2.00237e-05 -4.42543e-05 -5.90335e-05 -6.54082e-05 -7.60588e-05  -0.00011624   -0.0005211 -5.91728e-07     0.989226  1.41593e-05  5.18369e-05  6.05287e-07 -4.46276e-06 -5.75724e-06 -6.96728e-06    0.0659849
 -3.90633e-05  -0.00014153 -0.000127008 -4.72821e-05 -0.000102602  -9.0081e-05 -0.000424769  1.92843e-06  1.41593e-05     0.988155  0.000295679  1.83785e-05 -4.09138e-06 -7.59478e-06 -8.61274e-06    0.0774773
 -1.06396e-05 -0.000398827 -0.000231854 -0.000177798 -0.000256004 -0.000247936  -0.00112271 -1.71476e-05  5.18369e-05  0.000295679     0.985076  4.16768e-05 -3.66012e-06 -6.41882e-06 -2.15352e-05     0.179007
 -6.09505e-06 -2.07869e-05 -2.57434e-05 -1.54856e-05 -2.12928e-05 -1.79753e-05 -8.47624e-05  -1.9189e-07  6.05287e-07  1.83785e-05  4.16768e-05     0.988636 -9.04692e-07 -2.72773e-06 -2.55178e-06    0.0143528
  1.39649e-06   7.5963e-06  7.20648e-06  6.46388e-06  1.15268e-05  1.13924e-05  5.78581e-05 -1.83061e-06 -4.46276e-06 -4.09138e-06 -3.66012e-06 -9.04692e-07     0.988951  2.51323e-06  4.05233e-06   -0.0219822
