>>> including systematics
>>> method used to compute upper limit is MaxLikelihoodFit
>>> random number generator seed is 123456
[#1] INFO:ObjectHandling -- RooWorkspace::import(w) importing dataset data_obs
[#1] INFO:ObjectHandling -- RooWorkspace::import(w) importing RooProdPdf::nuisancePdf
[#1] INFO:ObjectHandling -- RooWorkspace::import(w) importing ProcessNormalization::n_exp_binbin1_proc_wtau
[#1] INFO:ObjectHandling -- RooWorkspace::import(w) importing ProcessNormalization::n_exp_binbin1_proc_others
[#1] INFO:ObjectHandling -- RooWorkspace::import(w) importing ProcessNormalization::n_exp_binbin1_proc_qqH
[#1] INFO:ObjectHandling -- RooWorkspace::import(w) importing ProcessNormalization::n_exp_binbin1_proc_wmu
[#1] INFO:ObjectHandling -- RooWorkspace::import(w) importing ProcessNormalization::n_exp_binbin1_proc_wel
[#1] INFO:ObjectHandling -- RooWorkspace::import(w) importing ProcessNormalization::n_exp_binbin1_proc_qcd
[#1] INFO:ObjectHandling -- RooWorkspace::import(w) importing ProcessNormalization::n_exp_binbin1_proc_zvv

=== Using the following for ModelConfig ===
Observables:             RooArgSet:: = (n_obs_binbin1)
Parameters of Interest:  RooArgSet:: = (r)
Nuisance Parameters:     RooArgSet:: = (lumi_8TeV,CMS_eff_e,CMS_eff_m,CMS_scale_j,CMS_res_j,CMS_scale_met,pdf_qqbar,QCD_qqH,CMS_VBFHinv_zvv_stat,CMS_VBFHinv_zvv_norm,CMS_VBFHinv_wmu_norm,CMS_VBFHinv_wel_norm,CMS_VBFHinv_wtau_norm,CMS_VBFHinv_qcd_norm,CMS_VBFHinv_other_norm)
Global Observables:      RooArgSet:: = (lumi_8TeV_In,CMS_eff_e_In,CMS_eff_m_In,CMS_scale_j_In,CMS_res_j_In,CMS_scale_met_In,pdf_qqbar_In,QCD_qqH_In,CMS_VBFHinv_zvv_stat_In,CMS_VBFHinv_zvv_norm_In,CMS_VBFHinv_wmu_norm_In,CMS_VBFHinv_wel_norm_In,CMS_VBFHinv_wtau_norm_In,CMS_VBFHinv_qcd_norm_In,CMS_VBFHinv_other_norm_In)
PDF:                     RooProdPdf::model_s[ modelObs_s * nuisancePdf ] = 0.000177095


=== Using the following for ModelConfig_bonly ===
Observables:             RooArgSet:: = (n_obs_binbin1)
Parameters of Interest:  RooArgSet:: = (r)
Nuisance Parameters:     RooArgSet:: = (lumi_8TeV,CMS_eff_e,CMS_eff_m,CMS_scale_j,CMS_res_j,CMS_scale_met,pdf_qqbar,QCD_qqH,CMS_VBFHinv_zvv_stat,CMS_VBFHinv_zvv_norm,CMS_VBFHinv_wmu_norm,CMS_VBFHinv_wel_norm,CMS_VBFHinv_wtau_norm,CMS_VBFHinv_qcd_norm,CMS_VBFHinv_other_norm)
Global Observables:      RooArgSet:: = (lumi_8TeV_In,CMS_eff_e_In,CMS_eff_m_In,CMS_scale_j_In,CMS_res_j_In,CMS_scale_met_In,pdf_qqbar_In,QCD_qqH_In,CMS_VBFHinv_zvv_stat_In,CMS_VBFHinv_zvv_norm_In,CMS_VBFHinv_wmu_norm_In,CMS_VBFHinv_wel_norm_In,CMS_VBFHinv_wtau_norm_In,CMS_VBFHinv_qcd_norm_In,CMS_VBFHinv_other_norm_In)
PDF:                     RooProdPdf::model_b[ modelObs_b * nuisancePdf ] = 0.00017968


RooWorkspace(w) w contents

variables
---------
(CMS_VBFHinv_other_norm,CMS_VBFHinv_other_norm_In,CMS_VBFHinv_qcd_norm,CMS_VBFHinv_qcd_norm_In,CMS_VBFHinv_wel_norm,CMS_VBFHinv_wel_norm_In,CMS_VBFHinv_wmu_norm,CMS_VBFHinv_wmu_norm_In,CMS_VBFHinv_wtau_norm,CMS_VBFHinv_wtau_norm_In,CMS_VBFHinv_zvv_norm,CMS_VBFHinv_zvv_norm_In,CMS_VBFHinv_zvv_stat,CMS_VBFHinv_zvv_stat_In,CMS_eff_e,CMS_eff_e_In,CMS_eff_m,CMS_eff_m_In,CMS_res_j,CMS_res_j_In,CMS_scale_j,CMS_scale_j_In,CMS_scale_met,CMS_scale_met_In,MH,QCD_qqH,QCD_qqH_In,lumi_8TeV,lumi_8TeV_In,n_obs_binbin1,pdf_qqbar,pdf_qqbar_In,r)

p.d.f.s
-------
RooGaussian::CMS_VBFHinv_other_norm_Pdf[ x=CMS_VBFHinv_other_norm mean=CMS_VBFHinv_other_norm_In sigma=1 ] = 1
RooGaussian::CMS_VBFHinv_qcd_norm_Pdf[ x=CMS_VBFHinv_qcd_norm mean=CMS_VBFHinv_qcd_norm_In sigma=1 ] = 1
RooGaussian::CMS_VBFHinv_wel_norm_Pdf[ x=CMS_VBFHinv_wel_norm mean=CMS_VBFHinv_wel_norm_In sigma=1 ] = 1
RooGaussian::CMS_VBFHinv_wmu_norm_Pdf[ x=CMS_VBFHinv_wmu_norm mean=CMS_VBFHinv_wmu_norm_In sigma=1 ] = 1
RooGaussian::CMS_VBFHinv_wtau_norm_Pdf[ x=CMS_VBFHinv_wtau_norm mean=CMS_VBFHinv_wtau_norm_In sigma=1 ] = 1
RooGaussian::CMS_VBFHinv_zvv_norm_Pdf[ x=CMS_VBFHinv_zvv_norm mean=CMS_VBFHinv_zvv_norm_In sigma=1 ] = 1
RooPoisson::CMS_VBFHinv_zvv_stat_Pdf[ x=CMS_VBFHinv_zvv_stat_In mean=CMS_VBFHinv_zvv_stat ] = 0.10994
RooGaussian::CMS_eff_e_Pdf[ x=CMS_eff_e mean=CMS_eff_e_In sigma=1 ] = 1
RooGaussian::CMS_eff_m_Pdf[ x=CMS_eff_m mean=CMS_eff_m_In sigma=1 ] = 1
RooGaussian::CMS_res_j_Pdf[ x=CMS_res_j mean=CMS_res_j_In sigma=1 ] = 1
RooGaussian::CMS_scale_j_Pdf[ x=CMS_scale_j mean=CMS_scale_j_In sigma=1 ] = 1
RooGaussian::CMS_scale_met_Pdf[ x=CMS_scale_met mean=CMS_scale_met_In sigma=1 ] = 1
RooGaussian::QCD_qqH_Pdf[ x=QCD_qqH mean=QCD_qqH_In sigma=1 ] = 1
RooGaussian::lumi_8TeV_Pdf[ x=lumi_8TeV mean=lumi_8TeV_In sigma=1 ] = 1
RooProdPdf::modelObs_b[ pdf_binbin1_bonly ] = 0.00163435
RooProdPdf::modelObs_s[ pdf_binbin1 ] = 0.00161084
RooProdPdf::model_b[ modelObs_b * nuisancePdf ] = 0.00017968
RooProdPdf::model_s[ modelObs_s * nuisancePdf ] = 0.000177095
RooProdPdf::nuisancePdf[ lumi_8TeV_Pdf * CMS_eff_e_Pdf * CMS_eff_m_Pdf * CMS_scale_j_Pdf * CMS_res_j_Pdf * CMS_scale_met_Pdf * pdf_qqbar_Pdf * QCD_qqH_Pdf * CMS_VBFHinv_zvv_stat_Pdf * CMS_VBFHinv_zvv_norm_Pdf * CMS_VBFHinv_wmu_norm_Pdf * CMS_VBFHinv_wel_norm_Pdf * CMS_VBFHinv_wtau_norm_Pdf * CMS_VBFHinv_qcd_norm_Pdf * CMS_VBFHinv_other_norm_Pdf ] = 0.10994
RooPoisson::pdf_binbin1[ x=n_obs_binbin1 mean=n_exp_binbin1 ] = 0.00161084
RooPoisson::pdf_binbin1_bonly[ x=n_obs_binbin1 mean=n_exp_binbin1_bonly ] = 0.00163435
RooGaussian::pdf_qqbar_Pdf[ x=pdf_qqbar mean=pdf_qqbar_In sigma=1 ] = 1

functions
--------
RooAddition::n_exp_binbin1[ n_exp_binbin1_proc_wtau + n_exp_binbin1_proc_others + n_exp_binbin1_proc_qqH + n_exp_binbin1_proc_wmu + n_exp_binbin1_proc_wel + n_exp_binbin1_proc_qcd + n_exp_binbin1_proc_zvv ] = 436.114
RooAddition::n_exp_binbin1_bonly[ n_exp_binbin1_proc_wtau + n_exp_binbin1_proc_others + n_exp_binbin1_proc_wmu + n_exp_binbin1_proc_wel + n_exp_binbin1_proc_qcd + n_exp_binbin1_proc_zvv ] = 347.375
ProcessNormalization::n_exp_binbin1_proc_others[ thetaList=(lumi_8TeV,CMS_VBFHinv_other_norm) asymmThetaList=(CMS_eff_e,CMS_eff_m,CMS_scale_j,CMS_res_j,CMS_scale_met) otherFactorList=() ] = 20.045
ProcessNormalization::n_exp_binbin1_proc_qcd[ thetaList=(CMS_VBFHinv_qcd_norm) asymmThetaList=(CMS_eff_e,CMS_eff_m,CMS_scale_j,CMS_res_j,CMS_scale_met) otherFactorList=() ] = 32.4562
ProcessNormalization::n_exp_binbin1_proc_qqH[ thetaList=(lumi_8TeV,pdf_qqbar,QCD_qqH) asymmThetaList=(CMS_scale_j,CMS_res_j,CMS_scale_met) otherFactorList=(r) ] = 88.7385
ProcessNormalization::n_exp_binbin1_proc_wel[ thetaList=(CMS_VBFHinv_wel_norm) asymmThetaList=(CMS_eff_e,CMS_scale_j,CMS_res_j,CMS_scale_met) otherFactorList=() ] = 62.7291
ProcessNormalization::n_exp_binbin1_proc_wmu[ thetaList=(CMS_VBFHinv_wmu_norm) asymmThetaList=(CMS_eff_m,CMS_scale_j,CMS_res_j,CMS_scale_met) otherFactorList=() ] = 66.7633
ProcessNormalization::n_exp_binbin1_proc_wtau[ thetaList=(CMS_VBFHinv_wtau_norm) asymmThetaList=(CMS_eff_e,CMS_eff_m,CMS_scale_j,CMS_res_j,CMS_scale_met) otherFactorList=() ] = 53.3091
ProcessNormalization::n_exp_binbin1_proc_zvv[ thetaList=(CMS_VBFHinv_zvv_norm) asymmThetaList=(CMS_eff_m,CMS_scale_j,CMS_res_j,CMS_scale_met) otherFactorList=(CMS_VBFHinv_zvv_stat) ] = 112.073

datasets
--------
RooDataSet::data_obs(n_obs_binbin1)

named sets
----------
ModelConfig_GlobalObservables:(lumi_8TeV_In,CMS_eff_e_In,CMS_eff_m_In,CMS_scale_j_In,CMS_res_j_In,CMS_scale_met_In,pdf_qqbar_In,QCD_qqH_In,CMS_VBFHinv_zvv_stat_In,CMS_VBFHinv_zvv_norm_In,CMS_VBFHinv_wmu_norm_In,CMS_VBFHinv_wel_norm_In,CMS_VBFHinv_wtau_norm_In,CMS_VBFHinv_qcd_norm_In,CMS_VBFHinv_other_norm_In)
ModelConfig_NuisParams:(lumi_8TeV,CMS_eff_e,CMS_eff_m,CMS_scale_j,CMS_res_j,CMS_scale_met,pdf_qqbar,QCD_qqH,CMS_VBFHinv_zvv_stat,CMS_VBFHinv_zvv_norm,CMS_VBFHinv_wmu_norm,CMS_VBFHinv_wel_norm,CMS_VBFHinv_wtau_norm,CMS_VBFHinv_qcd_norm,CMS_VBFHinv_other_norm)
ModelConfig_Observables:(n_obs_binbin1)
ModelConfig_POI:(r)
ModelConfig_bonly_GlobalObservables:(lumi_8TeV_In,CMS_eff_e_In,CMS_eff_m_In,CMS_scale_j_In,CMS_res_j_In,CMS_scale_met_In,pdf_qqbar_In,QCD_qqH_In,CMS_VBFHinv_zvv_stat_In,CMS_VBFHinv_zvv_norm_In,CMS_VBFHinv_wmu_norm_In,CMS_VBFHinv_wel_norm_In,CMS_VBFHinv_wtau_norm_In,CMS_VBFHinv_qcd_norm_In,CMS_VBFHinv_other_norm_In)
ModelConfig_bonly_NuisParams:(lumi_8TeV,CMS_eff_e,CMS_eff_m,CMS_scale_j,CMS_res_j,CMS_scale_met,pdf_qqbar,QCD_qqH,CMS_VBFHinv_zvv_stat,CMS_VBFHinv_zvv_norm,CMS_VBFHinv_wmu_norm,CMS_VBFHinv_wel_norm,CMS_VBFHinv_wtau_norm,CMS_VBFHinv_qcd_norm,CMS_VBFHinv_other_norm)
ModelConfig_bonly_Observables:(n_obs_binbin1)
ModelConfig_bonly_POI:(r)
POI:(r)
globalObservables:(lumi_8TeV_In,CMS_eff_e_In,CMS_eff_m_In,CMS_scale_j_In,CMS_res_j_In,CMS_scale_met_In,pdf_qqbar_In,QCD_qqH_In,CMS_VBFHinv_zvv_stat_In,CMS_VBFHinv_zvv_norm_In,CMS_VBFHinv_wmu_norm_In,CMS_VBFHinv_wel_norm_In,CMS_VBFHinv_wtau_norm_In,CMS_VBFHinv_qcd_norm_In,CMS_VBFHinv_other_norm_In)
nuisances:(lumi_8TeV,CMS_eff_e,CMS_eff_m,CMS_scale_j,CMS_res_j,CMS_scale_met,pdf_qqbar,QCD_qqH,CMS_VBFHinv_zvv_stat,CMS_VBFHinv_zvv_norm,CMS_VBFHinv_wmu_norm,CMS_VBFHinv_wel_norm,CMS_VBFHinv_wtau_norm,CMS_VBFHinv_qcd_norm,CMS_VBFHinv_other_norm)
observables:(n_obs_binbin1)

generic objects
---------------
RooStats::ModelConfig::ModelConfig
RooStats::ModelConfig::ModelConfig_bonly
RooArgSet::discreteParams

[#1] INFO:ObjectHandling -- RooWorkspace::import(w) importing RooUniform::prior
Computing limit starting from observation
  1) RooRealVar:: n_obs_binbin1 = 390
Set default minimizer to Minuit2
Created Branches
[#1] INFO:Minization -- RooMinimizer::optimizeConst: activating const optimization
Minuit2Minimizer: Minimize with max-calls 7500 convergence for edm < 1 strategy 1
MnSeedGenerator: for initial parameters FCN = 15.073
MnSeedGenerator: Initial state:   - FCN =   15.07296167095 Edm =    0.0403289 NCalls =     61
VariableMetric: start iterating until Edm is < 0.001
VariableMetric: Initial state   - FCN =   15.07296167095 Edm =    0.0403289 NCalls =     61
VariableMetric: Iteration #   1 - FCN =   15.03351542017 Edm =  4.39882e-05 NCalls =     92
VariableMetric: After Hessian   - FCN =   15.03351542017 Edm =  4.12296e-05 NCalls =    258
Minuit2Minimizer : Valid minimum - status = 0
FVAL  = 15.0335154201734884
Edm   = 4.12295912579486353e-05
Nfcn  = 258
CMS_VBFHinv_other_norm	  = 0	 +/-  0.996602	(limited)
CMS_VBFHinv_qcd_norm	  = 0	 +/-  0.996602	(limited)
CMS_VBFHinv_wel_norm	  = 0	 +/-  0.996602	(limited)
CMS_VBFHinv_wmu_norm	  = 0	 +/-  0.996602	(limited)
CMS_VBFHinv_wtau_norm	  = 0	 +/-  0.996602	(limited)
CMS_VBFHinv_zvv_norm	  = 0	 +/-  0.996602	(limited)
CMS_VBFHinv_zvv_stat	  = 11.9686	 +/-  3.44605	(limited)
CMS_eff_e	  = 0	 +/-  0.996602	(limited)
CMS_eff_m	  = 0	 +/-  0.996602	(limited)
CMS_res_j	  = 0	 +/-  0.996602	(limited)
CMS_scale_j	  = 0	 +/-  0.996602	(limited)
CMS_scale_met	  = 0	 +/-  0.996602	(limited)
QCD_qqH	  = 0	 +/-  0.996602	(limited)
lumi_8TeV	  = 0	 +/-  0.996602	(limited)
pdf_qqbar	  = 0	 +/-  0.996602	(limited)
[#1] INFO:Minization -- RooMinimizer::optimizeConst: deactivating const optimization
[#1] INFO:Minization --  Including the following contraint terms in minimization: (nuisancePdf)
[#1] INFO:Minization --  Including the following contraint terms in minimization: (nuisancePdf)
[#1] INFO:Fitting -- RooAddition::defaultErrorLevel(nll_model_s_data_obs_with_constr) Summation contains a RooNLLVar, using its error level
do first Minimization 
Minuit2Minimizer: Minimize with max-calls 7500 convergence for edm < 0.01 strategy 1
MnSeedGenerator: for initial parameters FCN = 21.4895
MnSeedGenerator: Initial state:   - FCN =   21.48947112398 Edm =      11.2222 NCalls =     61
VariableMetric: start iterating until Edm is < 9.88946e-06
VariableMetric: Initial state   - FCN =   21.48947112398 Edm =      11.2222 NCalls =     61
VariableMetric: Iteration #   1 - FCN =   19.42609616993 Edm =     0.275716 NCalls =     97
VariableMetric: Iteration #   2 - FCN =   19.34201877753 Edm =    0.0239849 NCalls =    129
VariableMetric: Iteration #   3 - FCN =   19.31714524731 Edm =   0.00291064 NCalls =    161
VariableMetric: Iteration #   4 - FCN =   19.31114848663 Edm =  0.000660576 NCalls =    193
VariableMetric: Iteration #   5 - FCN =   19.30968229431 Edm =  0.000425411 NCalls =    225
VariableMetric: Iteration #   6 - FCN =   19.30891002943 Edm =  8.18667e-05 NCalls =    257
VariableMetric: Iteration #   7 - FCN =   19.30883114692 Edm =   4.1529e-06 NCalls =    288
VariableMetric: After Hessian   - FCN =   19.30883114692 Edm =  6.57304e-06 NCalls =    456
Number of iterations 9
----------> Iteration 0
            FVAL = 21.489471124 Edm = 11.2222356708 Nfcn = 61
            Error matrix change = 1
            Parameters :  p0 = 0 p1 = 0 p2 = 0 p3 = 0 p4 = 0 p5 = 0 p6 = 13 p7 = 0 p8 = 0 p9 = 0 p10 = 0 p11 = 0 p12 = 0 p13 = 0 p14 = 0
----------> Iteration 1
            FVAL = 19.4260961699 Edm = 0.275716099215 Nfcn = 97
            Error matrix change = 0.615599
            Parameters :  p0 = 0.105682 p1 = 0.252248 p2 = 0.23519 p3 = 0.220738 p4 = 0.292914 p5 = 0.213126 p6 = 13.5692 p7 = -0.0166096 p8 = -0.404309 p9 = -0.0443412 p10 = -0.0300412 p11 = -0.0169546 p12 = 0 p13 = 0.0102203 p14 = 0
----------> Iteration 2
            FVAL = 19.3420187775 Edm = 0.0239849455579 Nfcn = 129
            Error matrix change = 0.418369
            Parameters :  p0 = 0.100497 p1 = 0.257722 p2 = 0.268228 p3 = 0.249005 p4 = 0.352574 p5 = 0.285014 p6 = 13.7002 p7 = -0.0123198 p8 = -0.0289962 p9 = -0.0580157 p10 = -0.0424116 p11 = -0.020347 p12 = 0 p13 = 0.0101066 p14 = 0
----------> Iteration 3
            FVAL = 19.3171452473 Edm = 0.00291063578792 Nfcn = 161
            Error matrix change = 0.242749
            Parameters :  p0 = 0.0641599 p1 = 0.190444 p2 = 0.258879 p3 = 0.231955 p4 = 0.373875 p5 = 0.366451 p6 = 13.8013 p7 = -0.00316764 p8 = -0.116063 p9 = -0.0757488 p10 = -0.0629609 p11 = -0.0223545 p12 = 0 p13 = 0.00711432 p14 = 0
----------> Iteration 4
            FVAL = 19.3111484866 Edm = 0.000660576144318 Nfcn = 193
            Error matrix change = 0.183532
            Parameters :  p0 = 0.0726111 p1 = 0.167479 p2 = 0.22071 p3 = 0.198127 p4 = 0.317556 p5 = 0.406283 p6 = 13.8199 p7 = -0.0153139 p8 = -0.114891 p9 = -0.0934538 p10 = -0.0940527 p11 = -0.0218857 p12 = 0 p13 = 0.00709473 p14 = 0
----------> Iteration 5
            FVAL = 19.3096822943 Edm = 0.000425410868971 Nfcn = 225
            Error matrix change = 0.155196
            Parameters :  p0 = 0.0608506 p1 = 0.198262 p2 = 0.223423 p3 = 0.199614 p4 = 0.310251 p5 = 0.404653 p6 = 13.8176 p7 = 0.00675823 p8 = -0.104026 p9 = -0.0955522 p10 = -0.115723 p11 = -0.0201305 p12 = 0 p13 = 0.00676955 p14 = 0
----------> Iteration 6
            FVAL = 19.3089100294 Edm = 8.18666856393e-05 Nfcn = 257
            Error matrix change = 0.156873
            Parameters :  p0 = 0.0659221 p1 = 0.193075 p2 = 0.231232 p3 = 0.207105 p4 = 0.317766 p5 = 0.389973 p6 = 13.7978 p7 = -0.0157007 p8 = -0.107151 p9 = -0.0944283 p10 = -0.13309 p11 = -0.0200823 p12 = 0 p13 = 0.00691284 p14 = 0
----------> Iteration 7
            FVAL = 19.3088311469 Edm = 4.15290005502e-06 Nfcn = 288
            Error matrix change = 0.11915
            Parameters :  p0 = 0.067632 p1 = 0.188065 p2 = 0.231437 p3 = 0.207253 p4 = 0.32207 p5 = 0.386982 p6 = 13.7908 p7 = -0.00614065 p8 = -0.109668 p9 = -0.0938135 p10 = -0.135637 p11 = -0.0207996 p12 = 0 p13 = 0.00698123 p14 = 0
----------> Iteration 8
            FVAL = 19.3088311469 Edm = 6.57303528666e-06 Nfcn = 456
            Error matrix change = 0
            Parameters :  p0 = 0.067632 p1 = 0.188065 p2 = 0.231437 p3 = 0.207253 p4 = 0.32207 p5 = 0.386982 p6 = 13.7908 p7 = -0.00614065 p8 = -0.109668 p9 = -0.0938135 p10 = -0.135637 p11 = -0.0207996 p12 = 0 p13 = 0.00698123 p14 = 0
Minuit2Minimizer : Valid minimum - status = 0
FVAL  = 19.3088311469197293
Edm   = 6.57303528666240422e-06
Nfcn  = 456
CMS_VBFHinv_other_norm	  = 0.067632	 +/-  0.99703	(limited)
CMS_VBFHinv_qcd_norm	  = 0.188065	 +/-  1.00398	(limited)
CMS_VBFHinv_wel_norm	  = 0.231437	 +/-  0.986168	(limited)
CMS_VBFHinv_wmu_norm	  = 0.207253	 +/-  0.987282	(limited)
CMS_VBFHinv_wtau_norm	  = 0.32207	 +/-  0.98268	(limited)
CMS_VBFHinv_zvv_norm	  = 0.386982	 +/-  0.900332	(limited)
CMS_VBFHinv_zvv_stat	  = 13.7908	 +/-  3.14778	(limited)
CMS_eff_e	  = -0.00614065	 +/-  1.01243	(limited)
CMS_eff_m	  = -0.109668	 +/-  1.02402	(limited)
CMS_res_j	  = -0.0938135	 +/-  0.893291	(limited)
CMS_scale_j	  = -0.135637	 +/-  0.702087	(limited)
CMS_scale_met	  = -0.0207996	 +/-  0.9444	(limited)
QCD_qqH	  = 0	 +/-  0.991116	(limited)
lumi_8TeV	  = 0.00698123	 +/-  0.99118	(limited)
pdf_qqbar	  = 0	 +/-  0.991116	(limited)
Minimized in : Real time 0:00:00, CP time 0.000
State returned from Hesse 

# of function calls: 622
function Value: 19.30883114692
expected distance to the Minimum (edm): 6.568485191841e-06
external parameters: 
# ext. ||   Name    ||   type  ||     Value     ||  Error +/- 

   0   ||CMS_VBFHinv_other_norm || limited ||    0.06763197809319 ||0.9970148392449
   1   ||CMS_VBFHinv_qcd_norm || limited ||     0.1880646283375 ||1.003883993611
   2   ||CMS_VBFHinv_wel_norm || limited ||     0.2314368339382 ||0.9861096420565
   3   ||CMS_VBFHinv_wmu_norm || limited ||     0.2072532521563 ||0.9872341117398
   4   ||CMS_VBFHinv_wtau_norm || limited ||     0.3220695612828 ||0.9824983632859
   5   ||CMS_VBFHinv_zvv_norm || limited ||     0.3869824727649 ||0.8998814583785
   6   ||CMS_VBFHinv_zvv_stat || limited ||       13.7908254488 ||3.146439906505
   7   || CMS_eff_e || limited ||  -0.006140653137669 ||1.012433945687
   8   || CMS_eff_m || limited ||     -0.109668150424 ||1.024138971282
   9   || CMS_res_j || limited ||   -0.09381353893509 ||0.8930989411232
  10   ||CMS_scale_j || limited ||    -0.1356370510511 ||0.7015302761828
  11   ||CMS_scale_met || limited ||   -0.02079960332251 ||0.9443739314231
  12   ||   QCD_qqH || limited ||                   0 ||0.9911161756871
  13   || lumi_8TeV || limited ||   0.006981233163026 ||0.9911799369487
  14   || pdf_qqbar || limited ||                   0 ||0.9911161756871



covariance matrix: 
MnUserCovariance: 

      1.00083   -0.0172305   -0.0190142   -0.0164743   -0.0286796   -0.0374614      -0.1723 -0.000346019    0.0108622   0.00635773    0.0180347   0.00164779 -2.20564e-09   0.00123478 -2.20564e-09
   -0.0172305      1.01477   -0.0591529   -0.0528766   -0.0895734    -0.121696    -0.559643   0.00728439    0.0360528   -0.0075721   -0.0257657 -9.67037e-06  2.79976e-09  -0.00179314  2.79976e-09
   -0.0190142   -0.0591529     0.978921   -0.0618438    -0.106026    -0.141408    -0.650311  -0.00539544    0.0414947  -0.00217325    0.0154494  0.000840189 -2.76805e-09  -0.00197875 -2.76805e-09
   -0.0164743   -0.0528766   -0.0618438     0.981168   -0.0923903    -0.122763    -0.564567   0.00157492    0.0297284    0.0284982    0.0177873   0.00472938  2.13593e-09  -0.00171272  2.13593e-09
   -0.0286796   -0.0895734    -0.106026   -0.0923903     0.971723    -0.212005    -0.974959   0.00678495    0.0621237    0.0368582    0.0182039   0.00740832  2.94425e-09  -0.00298067  2.94425e-09
   -0.0374614    -0.121696    -0.141408    -0.122763    -0.212005     0.814301    -0.804747   0.00351307    0.0575338    0.0524434    0.0517148     0.014136 -4.31968e-09  -0.00389302 -4.31968e-09
      -0.1723    -0.559643    -0.650311    -0.564567    -0.974959    -0.804747      9.94641    0.0161279     0.264569     0.241148     0.237753    0.0649914 -5.04158e-09   -0.0179219 -5.04158e-09
 -0.000346019   0.00728439  -0.00539544   0.00157492   0.00678495   0.00351307    0.0161279      1.03225 -0.000999207  0.000454097  -0.00409403  3.61351e-05  2.00291e-09 -3.48389e-05  2.00291e-09
    0.0108622    0.0360528    0.0414947    0.0297284    0.0621237    0.0575338     0.264569 -0.000999207      1.05643   -0.0162998   -0.0148397  -0.00397455 -1.81445e-09   0.00112927 -1.81445e-09
   0.00635773   -0.0075721  -0.00217325    0.0284982    0.0368582    0.0524434     0.241148  0.000454097   -0.0162998     0.801992    0.0105071    0.0018859 -1.88303e-09  0.000661253 -1.88303e-09
    0.0180347   -0.0257657    0.0154494    0.0177873    0.0182039    0.0517148     0.237753  -0.00409403   -0.0148397    0.0105071     0.493802   0.00179629 -7.18308e-09   0.00187417 -7.18308e-09
   0.00164779 -9.67037e-06  0.000840189   0.00472938   0.00740832     0.014136    0.0649914  3.61351e-05  -0.00397455    0.0018859   0.00179629     0.897306    1.735e-09  0.000171569    1.735e-09
 -2.20564e-09  2.79976e-09 -2.76805e-09  2.13593e-09  2.94425e-09 -4.31968e-09 -5.04158e-09  2.00291e-09 -1.81445e-09 -1.88303e-09 -7.18308e-09    1.735e-09     0.988947 -1.89234e-09  1.64599e-16
   0.00123478  -0.00179314  -0.00197875  -0.00171272  -0.00298067  -0.00389302   -0.0179219 -3.48389e-05   0.00112927  0.000661253   0.00187417  0.000171569 -1.89234e-09     0.989075 -1.89234e-09
 -2.20564e-09  2.79976e-09 -2.76805e-09  2.13593e-09  2.94425e-09 -4.31968e-09 -5.04158e-09  2.00291e-09 -1.81445e-09 -1.88303e-09 -7.18308e-09    1.735e-09  1.64599e-16 -1.89234e-09     0.988947

MnUserCovariance Parameter correlations: 

            1   -0.0170975   -0.0192099   -0.0166247   -0.0290818   -0.0414964   -0.0546097 -0.000340429    0.0105637   0.00709637    0.0256538   0.00173881   -2.217e-09   0.00124106   -2.217e-09
   -0.0170975            1   -0.0593496   -0.0529916   -0.0902035    -0.133875    -0.176154   0.00711731    0.0348203  -0.00839357   -0.0363983 -1.01342e-05  2.79479e-09  -0.00178984  2.79479e-09
   -0.0192099   -0.0593496            1   -0.0631031     -0.10871    -0.158383    -0.208408  -0.00536736    0.0408036  -0.00245273    0.0222209  0.000896464 -2.81328e-09  -0.00201095 -2.81328e-09
   -0.0166247   -0.0529916   -0.0631031            1   -0.0946201    -0.137341    -0.180722   0.00156492    0.0291997    0.0321263    0.0255542   0.00504036  2.16835e-09   -0.0017386  2.16835e-09
   -0.0290818   -0.0902035     -0.10871   -0.0946201            1    -0.238332    -0.313604   0.00677459    0.0613148     0.041752    0.0262795   0.00793374  3.00343e-09  -0.00304038  3.00343e-09
   -0.0414964    -0.133875    -0.158383    -0.137341    -0.238332            1     -0.28277   0.00383179    0.0620311    0.0648953    0.0815542    0.0165373 -4.81363e-09   -0.0043379 -4.81363e-09
   -0.0546097    -0.176154    -0.208408    -0.180722    -0.313604     -0.28277            1   0.00503329    0.0816178    0.0853819     0.107279    0.0217546 -1.60749e-09  -0.00571394 -1.60749e-09
 -0.000340429   0.00711731  -0.00536736   0.00156492   0.00677459   0.00383179   0.00503329            1 -0.000956846  0.000499081  -0.00573433  3.75462e-05  1.98236e-09 -3.44792e-05  1.98236e-09
    0.0105637    0.0348203    0.0408036    0.0291997    0.0613148    0.0620311    0.0816178 -0.000956846            1   -0.0177083   -0.0205461  -0.00408223 -1.77517e-09   0.00110475 -1.77517e-09
   0.00709637  -0.00839357  -0.00245273    0.0321263     0.041752    0.0648953    0.0853819  0.000499081   -0.0177083            1    0.0166963   0.00222313 -2.11439e-09  0.000742451 -2.11439e-09
    0.0256538   -0.0363983    0.0222209    0.0255542    0.0262795    0.0815542     0.107279  -0.00573433   -0.0205461    0.0166963            1   0.00269854 -1.02789e-08   0.00268175 -1.02789e-08
   0.00173881 -1.01342e-05  0.000896464   0.00504036   0.00793374    0.0165373    0.0217546  3.75462e-05  -0.00408223   0.00222313   0.00269854            1   1.8418e-09  0.000182119   1.8418e-09
   -2.217e-09  2.79479e-09 -2.81328e-09  2.16835e-09  3.00343e-09 -4.81363e-09 -1.60749e-09  1.98236e-09 -1.77517e-09 -2.11439e-09 -1.02789e-08   1.8418e-09            1 -1.91337e-09  1.66438e-16
   0.00124106  -0.00178984  -0.00201095   -0.0017386  -0.00304038   -0.0043379  -0.00571394 -3.44792e-05   0.00110475  0.000742451   0.00268175  0.000182119 -1.91337e-09            1 -1.91337e-09
   -2.217e-09  2.79479e-09 -2.81328e-09  2.16835e-09  3.00343e-09 -4.81363e-09 -1.60749e-09  1.98236e-09 -1.77517e-09 -2.11439e-09 -1.02789e-08   1.8418e-09  1.66438e-16 -1.91337e-09            1

global correlation coefficients : 
MnGlobalCorrelationCoeff: 

      0.23372
     0.562081
     0.630432
     0.588996
     0.749571
      0.77102
     0.813651
    0.0278841
     0.366853
     0.288587
     0.327331
    0.0730291
  1.49012e-08
    0.0248701
  1.49012e-08




  RooFitResult: minimized FCN value: 19.3088, estimated distance to minimum: 6.56849e-06
                covariance matrix quality: Full, accurate covariance matrix
                Status : MINIMIZE=0 HESSE=0 

    Constant Parameter    Value     
  --------------------  ------------
  CMS_VBFHinv_other_norm_In    0.0000e+00
  CMS_VBFHinv_qcd_norm_In    0.0000e+00
  CMS_VBFHinv_wel_norm_In    0.0000e+00
  CMS_VBFHinv_wmu_norm_In    0.0000e+00
  CMS_VBFHinv_wtau_norm_In    0.0000e+00
  CMS_VBFHinv_zvv_norm_In    0.0000e+00
  CMS_VBFHinv_zvv_stat_In    1.2000e+01
          CMS_eff_e_In    0.0000e+00
          CMS_eff_m_In    0.0000e+00
          CMS_res_j_In    0.0000e+00
        CMS_scale_j_In    0.0000e+00
      CMS_scale_met_In    0.0000e+00
            QCD_qqH_In    0.0000e+00
          lumi_8TeV_In    0.0000e+00
          pdf_qqbar_In    0.0000e+00
                     r    0.0000e+00

    Floating Parameter  InitialValue    FinalValue +/-  Error     GblCorr.
  --------------------  ------------  --------------------------  --------
  CMS_VBFHinv_other_norm    0.0000e+00    6.7632e-02 +/-  9.97e-01  <none>
  CMS_VBFHinv_qcd_norm    0.0000e+00    1.8806e-01 +/-  1.00e+00  <none>
  CMS_VBFHinv_wel_norm    0.0000e+00    2.3144e-01 +/-  9.86e-01  <none>
  CMS_VBFHinv_wmu_norm    0.0000e+00    2.0725e-01 +/-  9.87e-01  <none>
  CMS_VBFHinv_wtau_norm    0.0000e+00    3.2207e-01 +/-  9.82e-01  <none>
  CMS_VBFHinv_zvv_norm    0.0000e+00    3.8698e-01 +/-  9.00e-01  <none>
  CMS_VBFHinv_zvv_stat    1.3000e+01    1.3791e+01 +/-  3.15e+00  <none>
             CMS_eff_e    0.0000e+00   -6.1407e-03 +/-  1.01e+00  <none>
             CMS_eff_m    0.0000e+00   -1.0967e-01 +/-  1.02e+00  <none>
             CMS_res_j    0.0000e+00   -9.3814e-02 +/-  8.93e-01  <none>
           CMS_scale_j    0.0000e+00   -1.3564e-01 +/-  7.02e-01  <none>
         CMS_scale_met    0.0000e+00   -2.0800e-02 +/-  9.44e-01  <none>
               QCD_qqH    0.0000e+00    0.0000e+00 +/-  9.91e-01  <none>
             lumi_8TeV    0.0000e+00    6.9812e-03 +/-  9.91e-01  <none>
             pdf_qqbar    0.0000e+00    0.0000e+00 +/-  9.91e-01  <none>


  RooFitResult: minimized FCN value: 19.3088, estimated distance to minimum: 6.56849e-06
                covariance matrix quality: Full, accurate covariance matrix
                Status : MINIMIZE=0 HESSE=0 

    Constant Parameter    Value     
  --------------------  ------------
  CMS_VBFHinv_other_norm_In    0.0000e+00
  CMS_VBFHinv_qcd_norm_In    0.0000e+00
  CMS_VBFHinv_wel_norm_In    0.0000e+00
  CMS_VBFHinv_wmu_norm_In    0.0000e+00
  CMS_VBFHinv_wtau_norm_In    0.0000e+00
  CMS_VBFHinv_zvv_norm_In    0.0000e+00
  CMS_VBFHinv_zvv_stat_In    1.2000e+01
          CMS_eff_e_In    0.0000e+00
          CMS_eff_m_In    0.0000e+00
          CMS_res_j_In    0.0000e+00
        CMS_scale_j_In    0.0000e+00
      CMS_scale_met_In    0.0000e+00
            QCD_qqH_In    0.0000e+00
          lumi_8TeV_In    0.0000e+00
          pdf_qqbar_In    0.0000e+00
                     r    0.0000e+00

    Floating Parameter  InitialValue    FinalValue +/-  Error     GblCorr.
  --------------------  ------------  --------------------------  --------
  CMS_VBFHinv_other_norm    0.0000e+00    6.7632e-02 +/-  9.97e-01  <none>
  CMS_VBFHinv_qcd_norm    0.0000e+00    1.8806e-01 +/-  1.00e+00  <none>
  CMS_VBFHinv_wel_norm    0.0000e+00    2.3144e-01 +/-  9.86e-01  <none>
  CMS_VBFHinv_wmu_norm    0.0000e+00    2.0725e-01 +/-  9.87e-01  <none>
  CMS_VBFHinv_wtau_norm    0.0000e+00    3.2207e-01 +/-  9.82e-01  <none>
  CMS_VBFHinv_zvv_norm    0.0000e+00    3.8698e-01 +/-  9.00e-01  <none>
  CMS_VBFHinv_zvv_stat    1.3000e+01    1.3791e+01 +/-  3.15e+00  <none>
             CMS_eff_e    0.0000e+00   -6.1407e-03 +/-  1.01e+00  <none>
             CMS_eff_m    0.0000e+00   -1.0967e-01 +/-  1.02e+00  <none>
             CMS_res_j    0.0000e+00   -9.3814e-02 +/-  8.93e-01  <none>
           CMS_scale_j    0.0000e+00   -1.3564e-01 +/-  7.02e-01  <none>
         CMS_scale_met    0.0000e+00   -2.0800e-02 +/-  9.44e-01  <none>
               QCD_qqH    0.0000e+00    0.0000e+00 +/-  9.91e-01  <none>
             lumi_8TeV    0.0000e+00    6.9812e-03 +/-  9.91e-01  <none>
             pdf_qqbar    0.0000e+00    0.0000e+00 +/-  9.91e-01  <none>

[#1] INFO:Minization --  Including the following contraint terms in minimization: (nuisancePdf)
[#1] INFO:Fitting -- RooAddition::defaultErrorLevel(nll_model_s_data_obs_with_constr) Summation contains a RooNLLVar, using its error level
do first Minimization 
Minuit2Minimizer: Minimize with max-calls 8000 convergence for edm < 0.01 strategy 1
MnSeedGenerator: for initial parameters FCN = 21.504
MnSeedGenerator: Initial state:   - FCN =   21.50396136262 Edm =      8.18476 NCalls =     65
MnSeedGenerator: Negative G2 found - new state:   - FCN =   20.33348565126 Edm =      2.79992 NCalls =    148
VariableMetric: start iterating until Edm is < 9.88946e-06
VariableMetric: Initial state   - FCN =   20.33348565126 Edm =      2.79992 NCalls =    148
VariableMetric: Iteration #   1 - FCN =   19.52652349066 Edm =     0.386994 NCalls =    184
VariableMetric: Iteration #   2 - FCN =   19.09290436118 Edm =    0.0343693 NCalls =    220
VariableMetric: Iteration #   3 - FCN =   19.02316204239 Edm =    0.0258466 NCalls =    254
VariableMetric: Iteration #   4 - FCN =   18.98785412492 Edm =   0.00934053 NCalls =    288
VariableMetric: Iteration #   5 - FCN =   18.97183180323 Edm =     0.010181 NCalls =    322
VariableMetric: Iteration #   6 - FCN =   18.94614060343 Edm =   0.00466964 NCalls =    357
VariableMetric: Iteration #   7 - FCN =   18.93720420219 Edm =  0.000911836 NCalls =    394
VariableMetric: Iteration #   8 - FCN =   18.93585844634 Edm =  0.000153987 NCalls =    428
VariableMetric: Iteration #   9 - FCN =    18.9357079132 Edm =  5.11295e-06 NCalls =    461
VariableMetric: After Hessian   - FCN =    18.9357079132 Edm =  8.18961e-06 NCalls =    646
Number of iterations 11
----------> Iteration 0
            FVAL = 20.3334856513 Edm = 2.79992048068 Nfcn = 148
            Error matrix change = 1
            Parameters :  p0 = 0 p1 = 0 p2 = 0 p3 = 0 p4 = 0 p5 = 0 p6 = 13 p7 = 0 p8 = 0 p9 = 0.772185 p10 = 0.778009 p11 = 0 p12 = 0 p13 = 0 p14 = 0 p15 = 1
----------> Iteration 1
            FVAL = 19.5265234907 Edm = 0.386994490285 Nfcn = 184
            Error matrix change = 0.585226
            Parameters :  p0 = -0.0764846 p1 = -0.0820493 p2 = -0.150255 p3 = -0.15476 p4 = -0.15136 p5 = -0.163646 p6 = 12.3226 p7 = 0.0137898 p8 = 0.0767183 p9 = 0.662338 p10 = 0.778328 p11 = 0.0164772 p12 = -0.0632869 p13 = -0.0507756 p14 = -0.0826434 p15 = 0.926811
----------> Iteration 2
            FVAL = 19.0929043612 Edm = 0.03436934669 Nfcn = 220
            Error matrix change = 0.32792
            Parameters :  p0 = -0.0399184 p1 = -0.0472864 p2 = -0.126802 p3 = -0.131453 p4 = -0.163903 p5 = -0.186323 p6 = 11.8267 p7 = 0.00644374 p8 = 0.0607959 p9 = -0.0998761 p10 = 0.32845 p11 = -0.0125836 p12 = -0.0278159 p13 = -0.0214158 p14 = -0.0391094 p15 = 0.886024
----------> Iteration 3
            FVAL = 19.0231620424 Edm = 0.025846637601 Nfcn = 254
            Error matrix change = 0.267237
            Parameters :  p0 = -0.029463 p1 = -0.121209 p2 = -0.109603 p3 = -0.0881374 p4 = -0.152552 p5 = -0.160115 p6 = 11.3938 p7 = -0.000243124 p8 = 0.0178913 p9 = -0.0262988 p10 = 0.231252 p11 = 0.0666029 p12 = -0.000298569 p13 = -0.00325003 p14 = -0.000949419 p15 = 0.819572
----------> Iteration 4
            FVAL = 18.9878541249 Edm = 0.00934053318849 Nfcn = 288
            Error matrix change = 0.226377
            Parameters :  p0 = -0.0167656 p1 = -0.0578974 p2 = -0.0620003 p3 = -0.0452346 p4 = -0.111464 p5 = -0.119304 p6 = 11.2154 p7 = 0.00133096 p8 = 0.00446574 p9 = 0.063009 p10 = 0.0620521 p11 = -0.054899 p12 = -0.00756577 p13 = -0.00747656 p14 = -0.00834177 p15 = 0.764327
----------> Iteration 5
            FVAL = 18.9718318032 Edm = 0.0101810049967 Nfcn = 322
            Error matrix change = 0.235032
            Parameters :  p0 = -0.0144987 p1 = -0.00313707 p2 = -0.0342612 p3 = -0.0330516 p4 = -0.0682152 p5 = -0.0772468 p6 = 11.3072 p7 = 0.00388632 p8 = 0.0159556 p9 = 0.0570866 p10 = -0.0189798 p11 = 0.0726913 p12 = -0.0166873 p13 = -0.0125502 p14 = -0.0218427 p15 = 0.716045
----------> Iteration 6
            FVAL = 18.9461406034 Edm = 0.0046696438056 Nfcn = 357
            Error matrix change = 0.251831
            Parameters :  p0 = -0.0140545 p1 = 0.00556868 p2 = -0.0136693 p3 = -0.0336282 p4 = 0.0082132 p5 = 0.00560926 p6 = 11.7488 p7 = 0.00293723 p8 = 0.0389444 p9 = -0.00538526 p10 = -0.0799985 p11 = -0.0255591 p12 = -0.00942219 p13 = -0.00606789 p14 = -0.016606 p15 = 0.613351
----------> Iteration 7
            FVAL = 18.9372042022 Edm = 0.000911835905098 Nfcn = 394
            Error matrix change = 0.198867
            Parameters :  p0 = 9.4611e-05 p1 = -0.0355347 p2 = -0.0212904 p3 = -0.0196431 p4 = -0.00547292 p5 = -0.000990352 p6 = 11.966 p7 = -0.00173654 p8 = 0.00658972 p9 = 0.0187794 p10 = -0.0078382 p11 = -0.00164929 p12 = 0.0076367 p13 = 0.00450288 p14 = 0.0115012 p15 = 0.596028
----------> Iteration 8
            FVAL = 18.9358584463 Edm = 0.0001539873484 Nfcn = 428
            Error matrix change = 0.170694
            Parameters :  p0 = -2.44342e-05 p1 = -0.00339147 p2 = -0.00658185 p3 = -0.00373319 p4 = -0.00310227 p5 = 0.000662253 p6 = 12.0259 p7 = 0.000117586 p8 = -0.00189553 p9 = -0.00101953 p10 = 0.00473833 p11 = 0.00100124 p12 = -0.00087642 p13 = -0.000757426 p14 = -0.000549878 p15 = 0.581223
----------> Iteration 9
            FVAL = 18.9357079132 Edm = 5.11294989659e-06 Nfcn = 461
            Error matrix change = 0.109369
            Parameters :  p0 = -0.000293123 p1 = 0.000441273 p2 = -0.00151444 p3 = 0.000367543 p4 = -0.00235565 p5 = 0.000197641 p6 = 12.0007 p7 = 0.000177639 p8 = -0.00174037 p9 = 0.000502346 p10 = -0.00186346 p11 = 0.000605216 p12 = -0.000472828 p13 = -0.000306139 p14 = -0.000690853 p15 = 0.577653
----------> Iteration 10
            FVAL = 18.9357079132 Edm = 8.18960546385e-06 Nfcn = 646
            Error matrix change = 0
            Parameters :  p0 = -0.000293123 p1 = 0.000441273 p2 = -0.00151444 p3 = 0.000367543 p4 = -0.00235565 p5 = 0.000197641 p6 = 12.0007 p7 = 0.000177639 p8 = -0.00174037 p9 = 0.000502346 p10 = -0.00186346 p11 = 0.000605216 p12 = -0.000472828 p13 = -0.000306139 p14 = -0.000690853 p15 = 0.577653
Minuit2Minimizer : Valid minimum - status = 0
FVAL  = 18.93570791319992
Edm   = 8.18960546384781087e-06
Nfcn  = 646
CMS_VBFHinv_other_norm	  = -0.000293123	 +/-  0.991153	(limited)
CMS_VBFHinv_qcd_norm	  = 0.000441273	 +/-  0.991333	(limited)
CMS_VBFHinv_wel_norm	  = -0.00151444	 +/-  0.991352	(limited)
CMS_VBFHinv_wmu_norm	  = 0.000367543	 +/-  0.991302	(limited)
CMS_VBFHinv_wtau_norm	  = -0.00235565	 +/-  0.991641	(limited)
CMS_VBFHinv_zvv_norm	  = 0.000197641	 +/-  0.991471	(limited)
CMS_VBFHinv_zvv_stat	  = 12.0007	 +/-  3.4354	(limited)
CMS_eff_e	  = 0.000177639	 +/-  0.991126	(limited)
CMS_eff_m	  = -0.00174037	 +/-  0.991031	(limited)
CMS_res_j	  = 0.000502346	 +/-  0.991558	(limited)
CMS_scale_j	  = -0.00186346	 +/-  0.995228	(limited)
CMS_scale_met	  = 0.000605216	 +/-  0.99111	(limited)
QCD_qqH	  = -0.000472828	 +/-  0.991131	(limited)
lumi_8TeV	  = -0.000306139	 +/-  0.991125	(limited)
pdf_qqbar	  = -0.000690853	 +/-  0.991144	(limited)
r	  = 0.577653	 +/-  0.629865	(limited)
Minimized in : Real time 0:00:00, CP time 0.000
State returned from Hesse 

# of function calls: 831
function Value: 18.9357079132
expected distance to the Minimum (edm): 8.174525456813e-06
external parameters: 
# ext. ||   Name    ||   type  ||     Value     ||  Error +/- 

   0   ||CMS_VBFHinv_other_norm || limited ||  -0.000293122808297 ||0.9911300237691
   1   ||CMS_VBFHinv_qcd_norm || limited ||  0.0004412726448653 ||0.9911832398043
   2   ||CMS_VBFHinv_wel_norm || limited ||  -0.001514441103087 ||0.9911907285568
   3   ||CMS_VBFHinv_wmu_norm || limited ||  0.0003675431392773 ||0.9911755479739
   4   ||CMS_VBFHinv_wtau_norm || limited ||  -0.002355647234195 ||0.9912730470051
   5   ||CMS_VBFHinv_zvv_norm || limited ||  0.0001976406033393 ||0.9912294146039
   6   ||CMS_VBFHinv_zvv_stat || limited ||      12.00072745703 ||3.434745546171
   7   || CMS_eff_e || limited ||  0.0001776386446384 ||0.9911297516292
   8   || CMS_eff_m || limited ||  -0.001740371008584 ||0.9911302213252
   9   || CMS_res_j || limited ||  0.0005023464658507 ||0.9911042122612
  10   ||CMS_scale_j || limited ||  -0.001863455405836 ||0.9915087908194
  11   ||CMS_scale_met || limited ||  0.0006052156784193 ||0.9910828630939
  12   ||   QCD_qqH || limited || -0.0004728284624873 ||0.9911181042232
  13   || lumi_8TeV || limited || -0.0003061392034756 ||0.991116635623
  14   || pdf_qqbar || limited ||  -0.000690852593042 ||0.991121255397
  15   ||         r || limited ||     0.5776527549634 ||0.6289742171345



covariance matrix: 
MnUserCovariance: 

     0.988974  1.32474e-05  1.72552e-05  1.71883e-05  2.44176e-05  2.52944e-05  0.000126416 -9.70493e-07 -6.56463e-06 -1.13028e-05  8.76612e-06 -1.24904e-06  6.85036e-06  5.82512e-06  8.73254e-06   -0.0551631
  1.32474e-05     0.989081  4.42563e-05  4.08635e-05  5.86219e-05  6.39561e-05  0.000296648 -7.46701e-07 -1.53788e-05 -2.96692e-05 -0.000156555 -1.65731e-06  1.57437e-05  1.30673e-05  2.13017e-05    -0.131256
  1.72552e-05  4.42563e-05     0.989096  5.26172e-05  7.54879e-05  8.28997e-05  0.000393162  6.69464e-07 -2.20842e-05 -2.83837e-05 -7.72668e-05 -2.81681e-06  1.88811e-05  1.55868e-05   2.7678e-05    -0.172543
  1.71883e-05  4.08635e-05  5.26172e-05     0.989066  6.96318e-05  7.63618e-05  0.000356548 -1.68207e-06 -2.23097e-05 -1.96885e-05 -5.81472e-05 -2.76245e-06   1.8184e-05  1.42329e-05  2.57187e-05    -0.159429
  2.44176e-05  5.86219e-05  7.54879e-05  6.96318e-05     0.989262    0.0001077  0.000513865 -3.57585e-06 -2.81348e-05 -3.14007e-05 -8.34615e-05 -4.89766e-06  2.73465e-05  2.03501e-05  3.73652e-05    -0.229359
  2.52944e-05  6.39561e-05  8.28997e-05  7.63618e-05    0.0001077     0.989174 -0.000255005 -2.20242e-06 -3.04972e-05 -3.54179e-05 -8.17741e-05 -6.09223e-06  2.93898e-05  2.14988e-05  4.11877e-05    -0.250997
  0.000126416  0.000296648  0.000393162  0.000356548  0.000513865 -0.000255005      11.8712 -6.84951e-06 -0.000135002  -0.00016182 -0.000388887 -3.01563e-05  0.000131701  0.000106236  0.000192263     -1.15402
 -9.70493e-07 -7.46701e-07  6.69464e-07 -1.68207e-06 -3.57585e-06 -2.20242e-06 -6.84951e-06     0.988974  1.75097e-06  2.54273e-06 -1.03994e-05 -3.59832e-08 -8.44531e-07  1.32854e-07 -1.87415e-06    0.0063744
 -6.56463e-06 -1.53788e-05 -2.20842e-05 -2.23097e-05 -2.81348e-05 -3.04972e-05 -0.000135002  1.75097e-06     0.988975  7.91031e-06  2.16984e-05  8.89637e-07 -7.96968e-06 -3.52285e-06   -1.139e-05    0.0671958
 -1.13028e-05 -2.96692e-05 -2.83837e-05 -1.96885e-05 -3.14007e-05 -3.54179e-05  -0.00016182  2.54273e-06  7.91031e-06     0.988923  0.000177334  7.44387e-06 -7.19619e-06 -4.11962e-06 -1.17557e-05    0.0785169
  8.76612e-06 -0.000156555 -7.72668e-05 -5.81472e-05 -8.34615e-05 -8.17741e-05 -0.000388887 -1.03994e-05  2.16984e-05  0.000177334     0.989736  2.35979e-05 -1.67026e-05  -7.1465e-06 -2.59015e-05     0.181426
 -1.24904e-06 -1.65731e-06 -2.81681e-06 -2.76245e-06 -4.89766e-06 -6.09223e-06 -3.01563e-05 -3.59832e-08  8.89637e-07  7.44387e-06  2.35979e-05      0.98888 -1.64683e-06  3.47875e-07 -3.18355e-06     0.014799
  6.85036e-06  1.57437e-05  1.88811e-05   1.8184e-05  2.73465e-05  2.93898e-05  0.000131701 -8.44531e-07 -7.96968e-06 -7.19619e-06 -1.67026e-05 -1.64683e-06      0.98895   5.1312e-06  5.46573e-06   -0.0224506
